-154.839984 57.078035
-154.508216 57.290664
-154.221466 57.395595
-153.954532 57.624963
-153.435297 57.980285
-152.986573 58.222286
-152.650648 58.36169
-152.391362 58.678542
-152.043353 59.008537
-151.87619 59.240535
-151.620361 59.480835
-151.459972 59.621354
-151.333655 59.742386
-151.219661 59.850709
-150.671178 60.38001
-150.164173 60.814689
-150.060242 60.905959
-149.860446 61.079657
-149.650201 61.259983
-149.294568 61.44542
-148.891515 61.552362
-148.614532 61.628397
-148.376733 61.671347
-148.206645 61.733239
-147.837978 61.694332
-147.469246 61.709488
-147.114702 61.694562
-146.775373 61.649669
-146.556151 61.67335
-146.116684 61.719627
-145.83947 61.679703
-145.264274 61.477637
-144.913997 61.388731
-144.602651 61.390746
-144.614127 61.348848
-144.364463 61.290189
-144.103331 61.246521
-143.942279 61.219266
-143.435665 61.14073
-142.922652 61.033862
-142.494495 60.918707
-142.314994 60.878358
-142.01946 60.885983
-142.058125 60.86554
-141.866265 60.849209
-141.726571 60.798473
-141.546838 60.750443
-141.335717 60.73475
-141.173664 60.745794
-140.999999 60.692796
>
-141.09537 60.743959
-141.032605 60.739354
-140.974587 60.733156
-140.906504 60.714985
-140.866218 60.683053
-140.788028 60.629184
-140.730319 60.587519
-140.665074 60.556709
-140.58775 60.539224
-140.500106 60.545639
-140.445819 60.54525
-140.327161 60.527817
-140.216779 60.489604
-140.144602 60.468838
-140.066057 60.437556
-139.996266 60.402419
-139.919582 60.364239
-139.861458 60.338842
-139.80298 60.323242
-139.762439 60.318669
-139.70197 60.319657
>
-139.568278 60.295301
-139.495172 60.269945
-139.442031 60.247724
-139.374873 60.214168
-139.308814 60.144638
-139.24481 60.076421
-139.135823 60.004616
-139.065248 59.958827
-138.960285 59.909333
-138.879261 59.869853
-138.830607 59.836695
-138.751383 59.785646
-138.694974 59.752153
-138.639402 59.716966
-138.560787 59.67105
-138.490757 59.632426
-138.349212 59.580505
-138.255825 59.558918
-138.05403 59.526625
-137.917056 59.49975
-137.788585 59.459676
-137.640039 59.40362
-137.534944 59.366569
-137.461793 59.325639
-137.379644 59.287069
-137.287663 59.23552
-137.196706 59.179896
-137.12374 59.132838
-137.051937 59.076482
-136.982845 59.024497
-136.928095 58.988323
-136.886187 58.963698
-136.856159 58.938209
>
-140.999999 60.388359
-141.716118 60.489026
-142.641265 60.5753
-143.459018 60.63839
-144.131746 60.657403
-144.568447 60.682413
-144.918137 60.753945
-144.939317 60.762934
-144.96029 60.762332
>
-144.103331 61.246521
-144.207324 61.467546
-144.472682 61.633984
-144.918333 61.742471
-145.862868 61.923205
-146.580031 62.026816
-147.104521 62.024958
-147.574475 61.972302
-148.035879 61.960122
-148.959582 61.778738
-149.767152 61.660505
-150.853056 61.385677
-151.583039 61.208974
-152.136782 61.124587
-152.357659 60.977722
-152.905056 60.763205
-153.154507 60.665683
-153.384855 60.542358
-153.647729 60.426869
-154.04597 60.343521
-154.662072 60.090957
-155.478582 59.737977
-156.077141 59.448541
-156.799364 59.041532
-156.900457 58.982095
-156.892639 58.97861
-156.904358 58.971248
-156.92186 58.969472
-156.980645 58.934732
-156.987793 58.918231
-156.983169 58.914302
-156.974334 58.911701
-158.653245 58.020047
>
-153.640031 62.49656
-153.726798 62.4846
-153.961955 62.450085
-154.261046 62.379894
-154.536097 62.281981
-154.854627 62.137663
-155.062908 62.049173
-156.452274 61.668792
-157.731403 61.29624
-158.216791 61.133541
-158.529961 61.029393
-158.777355 60.97313
-159.825072 60.515658
-160.382556 60.353704
-160.936351 60.121412
-162.059386 59.554318
>
-157.688544 61.295061
-158.105174 61.086152
-158.444683 60.873668
-158.790714 60.551604
-159.026729 60.32278
-159.222127 60.140705
-159.532398 59.831467
-159.630358 59.580826
-159.919419 59.272326
-160.130354 59.065454
-160.451986 58.539217
>
-151.043447 64.679313
-151.762645 64.592634
-152.92196 64.464254
-153.77482 64.338728
-154.121385 64.20347
-154.528626 64.007659
-154.834196 63.875985
-154.83039 63.848465
-154.909253 63.830676
-155.923565 63.394392
-157.088538 62.782873
-157.892378 62.376045
-158.120632 62.307345
>
>
-160.768387 63.829601
-160.76886 63.841693
-160.337012 63.906259
-159.677336 64.010883
-159.281813 64.1574
-158.918695 64.261807
-158.505454 64.35725
-158.034351 64.392734
-157.739044 64.414161
-156.937027 64.556632
-156.708271 64.596202
-156.024823 64.711647
-155.723696 64.761208
-155.410936 64.811849
-154.792523 64.909505
-154.144971 64.975293
-153.749972 65.045133
-153.565297 65.077306
-152.969449 65.16233
-152.337313 65.139197
-151.859212 65.174281
-151.571197 65.220431
-150.619054 65.356659
-149.75562 65.459396
-148.776364 65.569101
-147.291678 65.753876
-146.498038 65.797068
-145.901103 65.771142
-145.696789 65.672317
>
-146.978009 63.548631
-146.915554 63.543948
-145.992051 63.428903
-145.910493 63.418408
-144.932202 63.223013
-143.587645 62.909546
-142.991106 62.743067
-141.995945 62.410428
-141.515967 62.271145
-141 62.103399
-140.74873 62.014697
-140.40867 61.89796
>
-146.978009 63.548631
-147.492761 63.586127
-147.967797 63.606543
-148.650319 63.580954
-149.357193 63.517889
-150.033156 63.444437
-150.484803 63.386349
-151.041394 63.312443
-151.576753 63.176044
-151.987372 63.06537
-152.325819 62.921576
-152.861581 62.79931
-153.726798 62.4846
>
-144.939317 60.762934
-145.145473 60.849984
-145.342156 60.875684
-145.399317 60.877289
-145.703853 60.833053
-145.941379 60.821461
-146.223992 60.910155
-146.462282 61.016438
-146.831902 61.107892
-147.15482 61.097952
-147.478479 61.034083
-147.690109 60.951038
-147.921676 60.854309
-148.163987 60.759823
-148.271061 60.693994
-149.028777 60.088561
-149.170724 59.940077
-149.44351 59.67821
>
-161.482026 64.041253
-161.381943 64.41539
-161.194198 64.915755
-161.25915 65.048604
-161.362353 65.667756
-161.634153 66.152074
-161.636749 66.147301
-162.224407 66.591931
-162.762738 66.874131
-163.778042 67.298808
-164.968116 67.687495
>
-135.679367 68.760285
-135.773952 68.263154
-135.834462 67.786875
-135.844184 67.406736
-135.72912 67.005488
-135.729868 67.000606
-135.671959 67.000678
-135.672348 66.99014
-135.651152 66.911736
-135.587262 66.847294
-135.445029 66.775532
-135.296291 66.638121
-135.245483 66.577728
-135.194451 66.512951
-135.111289 66.453071
-134.995746 66.393669
-134.811762 66.295832
-134.643332 66.236964
-134.495304 66.151425
-134.37967 66.052253
-134.284293 65.922164
-134.2144 65.839856
-134.210582 65.834009
-133.777048 65.681503
-133.140706 65.590678
-132.68119 65.591906
-132.164214 65.591646
-132.155265 65.588329
-132.14816 65.581907
-131.76148 65.613935
-131.010242 65.679595
-130.261434 65.67054
-129.690944 65.613759
-129.01158 65.528647
-128.325416 65.511475
-128.096905 65.505069
-128.35638 65.678531
-128.45303 65.799815
-128.020107 65.95416
-127.207442 65.928619
-126.476433 65.806762
-125.902932 65.54509
-125.228028 65.275938
-124.594582 65.100835
-123.953508 64.443923
-123.570091 63.583147
-123.245577 62.771386
-123.173429 62.022968
-123.053585 61.43841
-123.150234 60.965031
-122.932932 60.396166
-123.119599 60.097532
-123.396554 60.000946
>
-128.652814 59.985636
-128.293915 59.689081
-128.128993 59.515923
-127.93933 59.33195
-127.721355 59.165618
-127.480244 58.98344
-127.279857 58.850344
-126.960632 58.615445
-126.517664 58.233926
-126.118154 57.910116
-125.98849 57.792317
-126.008879 57.779009
-125.883772 57.642012
-125.575617 57.407267
-125.316714 57.208211
-125.016638 57.010453
-124.965562 56.963637
-124.905708 56.877558
-124.801238 56.79806
-124.653418 56.681585
-124.462053 56.532699
-124.238581 56.269601
-124.016764 55.976718
-123.885082 55.816192
-123.772516 55.686009
-123.631341 55.572716
-123.392514 55.382974
-123.251267 55.278644
-123.222161 55.24043
>
-140.40867 61.89796
-140.34571 61.87615
-139.890181 61.707003
-139.803141 61.677772
-139.792153 61.672558
-139.447812 61.510007
-139.100353 61.352236
-138.975313 61.313253
-138.776709 61.24597
-138.617953 61.173485
-138.363134 61.043194
-138.20585 60.98499
-138.022673 60.917786
-137.801036 60.843025
-137.66397 60.771272
-137.468173 60.683709
-137.332957 60.623561
-137.221179 60.565929
-137.105451 60.5047
-137.056988 60.442298
-137.040974 60.362791
-137.035085 60.350286
-137.027878 60.334968
-137.035839 60.323371
-137.002347 60.280578
-136.957789 60.173715
-136.860141 60.000005
-136.851154 59.983915
-136.765777 59.933928
-136.577407 59.825889
-136.424 59.745072
-136.188039 59.638869
-136.11033 59.593349
-136.045152 59.551994
-135.978817 59.498288
-135.921158 59.448426
-135.899727 59.397548
>
-135.899727 59.397548
-135.852438 59.289717
-135.836187 59.234989
-135.485485 59.062809
-135.306005 58.91173
-135.140282 58.601139
-135.028765 58.36577
-134.960932 58.147912
-134.866803 58.002882
-134.836684 57.792582
-134.765398 57.412054
-134.728125 57.202736
-134.598272 56.74674
-134.603048 56.355526
-134.613899 56.220803
-134.723369 55.931934
-134.916743 55.588121
>
-135.26896 58.888811
-135.131583 58.803435
-134.799563 58.542626
-134.55761 58.339815
-134.268679 58.111296
-134.050608 57.941604
-133.83235 57.711005
-133.714984 57.556725
-133.549056 57.333577
-133.467612 57.247817
-133.292196 57.162674
-133.149179 57.085728
-132.990282 56.948108
-132.739132 56.801814
-132.320214 56.516271
-132.014764 56.264205
-131.75945 56.002839
-131.537349 55.767036
-131.529173 55.506714
-131.488199 55.358803
-131.403123 55.201708
-131.140518 55.051088
-130.908465 54.926282
-130.751609 54.802168
-130.565985 54.685955
-130.441467 54.622144
-130.439682 54.621479
-130.436584 54.62033
-130.433074 54.620544
-130.42958 54.629699
>
-140.957027 60.391485
-140.563241 60.365568
-140.355227 60.325327
-140.197753 60.322011
-139.894608 60.232999
-139.750111 60.206001
-139.641743 60.174609
-139.493216 60.122117
-139.234532 59.976641
-139.060291 59.864316
-138.749432 59.65998
-138.525885 59.503946
-138.272466 59.333795
-138.045751 59.131624
-137.77592 58.915792
-137.559703 58.742769
-137.303782 58.578592
-137.002438 58.377683
>
-136.893873 58.916068
-136.855995 58.840144
-136.821496 58.703076
-136.75018 58.532698
-136.717514 58.404142
-136.587801 58.278925
-136.473181 58.135771
-136.449584 58.114088
-136.364436 58.035566
-136.12233 57.887532
-135.75125 57.708073
-135.386943 57.561926
-135.10684 57.438774
-134.814673 57.341159
-134.797337 57.314289
>
-134.593476 56.318291
-134.630782 56.447072
-134.728065 56.7037
-134.803579 56.816206
-135.048423 56.985794
-135.260853 57.064465
-135.551782 57.23948
-135.728171 57.348653
-135.893258 57.473092
-136.020765 57.628824
-136.26336 57.795965
-136.390302 57.920939
-136.453682 57.979583
-136.549875 58.155478
-136.894578 58.296996
-137.036136 58.406394
>
-138.653053 63.141036
-138.097576 62.968331
-137.759931 62.911534
-137.307486 62.755012
-137.184665 62.698524
-137.019412 62.608657
-136.824574 62.502214
-136.575276 62.397166
-136.288962 62.279742
-136.201653 62.251813
-136.036784 62.195545
-135.8526 62.126572
-135.697378 62.061016
-135.499959 61.935594
-135.35154 61.826199
-135.127895 61.679166
-134.934646 61.544221
-134.733137 61.396152
-134.562556 61.277629
-134.265232 61.113004
-134.053502 60.994383
-133.94259 60.909004
-133.804991 60.806467
-133.695433 60.720858
-133.577523 60.630889
-133.380808 60.524037
-133.247045 60.433864
-133.131842 60.360794
-133.01703 60.278944
-132.920523 60.222939
-132.876765 60.197063
-132.789542 60.153934
-132.661607 60.11948
-132.417693 59.999999
-132.416069 60
-132.405499 59.983394
>
-123.277626 60.000006
-123.709059 59.875898
-124.330776 59.678135
-124.45436 59.374231
-124.319742 58.981072
-124.062362 58.723024
-123.579051 58.471439
-123.211315 58.154049
-123.063051 57.876867
-122.956788 57.457698
-122.754197 57.078082
-122.484729 56.643096
-122.263571 56.210974
-121.671167 55.619856
-121.035303 55.091444
-120.540213 54.817329
-120.092029 54.54548
-120 54.509267
-119.351937 54.264097
-119.173689 54.199267
-119.123478 54.179624
-119.021461 54.142762
-118.943238 54.112512
-118.88512 54.087073
-118.792874 54.050724
-118.715719 54.021703
-118.651128 53.993037
-118.598809 53.972336
-118.557819 53.953302
-118.408686 53.888082
-118.191376 53.784517
-118.137291 53.759734
-118.078237 53.730133
-118.016139 53.701519
-117.918642 53.652777
-117.75385 53.574062
-117.718164 53.558424
-117.69325 53.545741
-117.638579 53.514055
-117.572883 53.479687
-117.432482 53.411119
-117.321917 53.364797
-117.25451 53.337809
-117.20564 53.316497
-117.123985 53.285802
-117.020365 53.248543
-116.959778 53.227125
-116.874299 53.199497
-116.803611 53.174945
-116.5606 53.099535
-116.504125 53.081278
-116.486375 53.073942
-116.394586 53.024308
-116.283154 52.960751
-116.23742 52.932158
-116.161953 52.888051
-116.043578 52.815363
-115.808472 52.676438
-115.639428 52.580443
-115.504679 52.508477
-115.460718 52.486742
-115.370384 52.435946
-115.285397 52.391999
-115.224611 52.357866
-115.151129 52.319932
-115.016216 52.239145
-114.945846 52.188643
-114.896404 52.127339
-114.819848 52.0395
-114.776695 51.984947
-114.736627 51.942942
-114.68249 51.874402
-114.616792 51.802879
-114.600087 51.773413
-114.562865 51.731178
-114.529636 51.681766
-114.478709 51.612996
-114.432857 51.546558
-114.328844 51.386983
-114.27026 51.293782
-114.245927 51.251032
-114.224091 51.218264
-114.152852 51.095109
-114.129643 51.058557
-114.095371 50.999052
-114.076828 50.955276
-114.04793 50.877645
-114.014821 50.781421
-114.005682 50.747055
-113.982027 50.671803
-113.957352 50.580013
-113.952485 50.556082
-113.944427 50.528412
-113.930857 50.458387
-113.915452 50.394254
-113.898949 50.303956
-113.874662 50.147241
-113.865071 50.111762
-113.848876 50.066387
-113.839454 50.028175
-113.832636 49.961285
-113.833305 49.87859
-113.850899 49.733302
-113.858571 49.694692
-113.859703 49.675468
-113.864309 49.647443
-113.870492 49.564146
-113.87139 49.513982
-113.869259 49.482952
-113.860397 49.421667
-113.849283 49.381074
-113.829646 49.327635
-113.802766 49.280646
-113.794289 49.270129
-113.781489 49.259561
-113.601168 49.135688
-113.341243 48.992367
>
-126.55204 57.636306
-126.557205 57.360923
-126.582374 57.149261
-126.496124 56.95071
-126.413917 56.719211
-126.350044 56.552082
-126.249893 56.367702
-126.24559 56.27296
-126.226249 56.15084
-126.174133 55.999996
-126.113487 55.887882
-126 55.782537
-125.937635 55.617741
-125.938582 55.496967
-125.973524 55.333561
-126.028855 55.159515
-126.054188 54.967245
-126.13513 54.81134
>
-126.231163 56.31501
-126.121788 56.149757
-125.995426 56.031532
-125.962225 56.003666
-125.863743 55.953665
-125.752332 55.905221
-125.617614 55.845374
-125.521909 55.785349
-125.464097 55.707997
-125.403361 55.581259
-125.351273 55.499234
-125.291633 55.39207
-125.262595 55.345887
-125.237806 55.299972
-125.208111 55.236494
-125.176288 55.163009
-125.127288 55.112929
-125.080372 55.053111
-124.994383 55.000384
-124.906648 54.957292
-124.803103 54.910515
-124.694124 54.850898
-124.624579 54.803909
-124.419202 54.729401
-124.307634 54.686356
-124.109255 54.604272
-123.998965 54.558468
-123.858467 54.516063
>
-124.070946 54.496482
-123.775207 54.361305
-123.429122 54.215965
-123.028259 54.042736
-122.820938 53.951553
-122.574829 53.790424
-122.502197 53.737991
>
-123.226318 55.249908
-123.050582 55.000007
-122.789436 54.729675
-122.637016 54.533851
-122.44519 54.370319
-122.3442 54.281955
-122.089111 54.188217
-121.9272 54.155471
-121.757858 54.061416
-121.346771 53.864887
-121.021949 53.740524
-120.564872 53.533645
>
-124.324406 54.557705
-124.060994 54.429754
-123.772293 54.27568
-123.447242 54.054557
-123.254539 53.834339
-123.09217 53.659217
-123.042556 53.500007
-122.846107 53.279289
-122.437203 52.996407
-122.123119 52.702004
-121.827507 52.460933
-121.645172 52.282672
>
-122.402587 51.933509
-122.353103 51.738189
-122.28617 51.543766
-122.208656 51.338798
-122.080924 51.164829
-121.909606 50.938411
-121.816001 50.710769
-121.693939 50.453983
-121.643684 50.312808
-121.555213 50.025951
-121.432258 49.818778
-121.343368 49.54668
-121.40129 49.296924
-121.428271 49.000961
>
-124.949424 52.014957
-124.674539 51.881089
-124.483764 51.795417
-124.281095 51.713919
-124.098556 51.629886
-123.58994 51.39238
-123.105067 51.229949
-123.009174 51.195822
-122.680428 51.017892
-122.631727 50.960188
-122.337326 50.821781
-122.039206 50.689285
-121.716106 50.499573
>
-121.767755 50.591324
-121.949202 50.802843
-122.337811 51.12771
-122.572558 51.348966
-122.671749 51.538594
-122.711899 51.756208
-122.733591 51.886449
-122.735965 51.945213
-122.817026 52.117051
>
-121.495711 50.018826
-121.496218 50.02061
-121.481077 50.002004
-121.422068 49.942209
-121.347333 49.857819
-121.287681 49.787724
-121.153953 49.648054
-121.011072 49.476636
-120.868402 49.294704
-120.597133 49.001613
>
-136.890934 58.301234
-136.772753 58.150749
-136.685924 58.024745
-136.549409 57.832029
-136.448499 57.569558
-136.321439 57.307796
-136.175187 57.107279
-135.959938 56.885848
-135.771765 56.632794
-135.601732 56.401713
-135.2427 55.954338
-135.080831 55.744972
-134.922832 55.565715
-134.611007 55.198709
-134.376132 54.951378
-134.083589 54.637678
-133.87471 54.386627
-133.649656 54.137273
-133.33684 53.781046
-133.003669 53.428354
-132.919991 53.360244
-132.531501 52.992276
-132.126796 52.658645
-131.649107 52.30075
-131.268696 52.006726
-130.845126 51.797359
-130.272039 51.517311
-129.555424 51.163793
-129.192951 50.955517
-129.016414 50.81087
-128.862439 50.673949
-128.517886 50.470547
-128.14253 50.27884
-127.925926 50.159012
-127.755413 50.026297
-127.483363 49.843876
-126.966032 49.572897
-126.528051 49.391684
-126.323116 49.326359
-126.202049 49.283266
-126.078664 49.25729
-125.980325 49.210463
-125.891835 49.171705
-125.774529 49.085805
-125.604099 48.995705
-125.382982 48.866273
-125.224586 48.756212
-125.126393 48.698247
-124.931066 48.622056
-124.797458 48.585726
-124.730762 48.577509
-124.666306 48.576951
-124.600968 48.581281
-124.535617 48.585565
-124.466721 48.589486
-124.394282 48.593039
-124.253363 48.597828
-124.159711 48.599257
-124.054519 48.604527
-123.999673 48.609414
-123.934226 48.613263
-123.871667 48.602288
-123.805978 48.570886
-123.758484 48.538681
-123.715644 48.51945
-123.664817 48.504432
-123.630621 48.496046
-123.592922 48.487298
-123.583398 48.498914
-123.002127 48.313567
>
-135.85021 59.247711
-135.899073 59.29195
-135.947309 59.335481
-136.05723 59.418654
-136.223785 59.54335
-136.234802 59.56266
-136.346221 59.602012
-136.453178 59.629846
-136.499489 59.654748
-136.559635 59.68578
-136.604032 59.728296
-136.666976 59.778975
-136.723477 59.812255
-136.735682 59.815627
-137.016142 59.944968
-137.109559 60.000005
-137.243342 60.068636
-137.313604 60.103502
-137.398537 60.178694
-137.461387 60.256525
-137.521954 60.332256
-137.539962 60.408363
-137.556175 60.457805
-137.582814 60.492555
-137.656216 60.534327
-137.72456 60.571944
-137.765413 60.615251
-137.853519 60.704248
-137.913346 60.74603
-138.015181 60.790579
-138.113123 60.836353
-138.177323 60.869622
-138.30179 60.921543
-138.380707 60.938657
-138.424757 60.94504
-138.490988 60.950208
-138.575735 60.962526
-138.644349 60.987162
-138.700517 61.015739
-138.808563 61.058321
-138.870643 61.082132
-138.987534 61.1219
-139.106077 61.16695
-139.211732 61.208847
-139.301626 61.245603
-139.379837 61.267152
-139.46301 61.276869
-139.53924 61.28587
-139.611331 61.296181
-139.698157 61.306078
-139.778032 61.315267
-139.845422 61.328495
-139.927787 61.341981
-140.036277 61.351892
-140.318752 61.380941
-140.686996 61.436049
-140.80104 61.453223
-140.937747 61.466985
-140.972937 61.469611
>
-158.222921 62.260312
-157.364975 62.521003
-156.527131 62.81612
-155.660236 63.058635
-155.367757 63.141182
-155.097093 63.211305
-154.277795 63.438168
-153.883018 63.561837
-152.971679 63.840097
-152.66401 63.963072
-152.229586 64.192778
-152.0456 64.323993
-151.829263 64.448907
-151.470024 64.578311
-150.801817 64.707609
>
-153.118518 65.668999
-151.969707 65.649307
-151.297417 65.652411
-150.987637 65.651896
-150.830583 65.732455
-150.612292 65.84354
-150.178609 65.95955
-149.884243 65.993503
-149.159296 65.977796
-148.314773 65.95522
-147.721602 65.951396
-147.157091 65.926625
-146.688334 65.859174
-146.484143 65.796491
>
-161.342224 66.524246
-161.312256 66.521988
-161.305983 66.523094
-161.285325 66.525642
-161.253967 66.533904
-161.006992 66.6364
-160.830482 66.687187
-160.344489 66.86408
-159.821158 66.976494
-159.065727 67.041645
-158.332309 67.048111
-157.573932 66.987875
-156.752859 66.901079
-155.921003 66.879384
-154.793353 66.896537
-153.452184 66.950942
-152.772911 67.040356
-151.711411 67.075416
-151.152937 67.109743
-150.498391 67.071886
-150.097903 67.035948
-149.932641 67.031252
-149.733174 67.048913
-149.567341 67.063403
-149.107066 67.127204
-148.707707 67.168239
-148.530447 67.193625
-148.039962 67.170907
-147.364124 67.10549
-146.566855 67.02421
>
-144.261225 65.918689
-143.432708 66.038651
-142.156945 66.302328
-141.921504 66.359982
-141.552234 66.449391
-140.999999 66.516511
-140.996791 66.516895
-140.753509 66.580756
-140.564338 66.683045
-140.373634 66.749858
-140.254906 66.834964
-140.10612 66.934582
-139.959374 67.007496
-139.822924 67.079775
-139.755042 67.118046
-139.5923 67.142836
-139.464096 67.170377
-139.288285 67.190997
-139.152986 67.236158
-138.902183 67.276954
-138.641128 67.37046
-138.343968 67.464766
-138.125417 67.560205
-137.908079 67.66844
-137.766571 67.760793
-137.63835 67.865764
-137.437617 68.021044
-137.341629 68.124789
-137.290728 68.27989
-137.238262 68.430636
-137.207699 68.633479
-137.243554 68.808206
-137.246346 68.819566
>
-136.856159 58.938209
-136.81463 58.913008
-136.763518 58.891259
-136.688086 58.879865
-136.629334 58.87174
-136.506075 58.837035
-136.432564 58.805742
-136.37527 58.769464
-136.279682 58.728095
-136.15876 58.683252
-136.09039 58.654125
-136.008405 58.618404
>
-135.449114 62.869381
-135.445542 62.876277
-135.445468 62.886021
-135.445864 62.88991
-134.534815 62.606163
-134.432307 62.559977
-134.292164 62.500868
-134.220072 62.479378
-134.065618 62.433102
-133.786147 62.352135
-133.541168 62.276064
-133.334373 62.205047
-133.083704 62.132007
-132.517085 61.904476
-132.242954 61.801261
-131.966895 61.68602
-131.558873 61.508272
-131.267748 61.402856
-130.89713 61.263378
-130.45962 61.112222
-130.294551 61.050347
-130.149171 60.996245
-130.071162 60.939423
-129.991739 60.903531
-129.898161 60.852019
-129.768614 60.769102
-129.651578 60.684399
-129.560299 60.621184
-129.246467 60.405262
-129.025466 60.254334
-128.807096 60.098475
-128.671441 60.000873
-128.652814 59.985636
>
-132.405499 59.983394
-132.379674 59.942756
-132.327148 59.867577
-132.23675 59.768059
-132.18957 59.697663
-132.132736 59.656301
-132.071316 59.612471
-131.990885 59.578229
-131.848939 59.538776
-131.831951 59.534086
-131.820734 59.524078
-131.77896 59.480198
-131.727941 59.431394
-131.685987 59.40445
-131.629594 59.389516
-131.549898 59.364677
-131.475123 59.3374
-131.400882 59.297953
-131.266228 59.240886
-131.155343 59.188776
-131.082035 59.144278
-131.031602 59.116993
-130.952568 59.101461
-130.873608 59.085877
-130.794724 59.070243
-130.71631 59.047281
-130.65698 59.019702
-130.603679 58.970337
-130.522717 58.918069
-130.45462 58.887809
-130.390369 58.872143
-130.33099 58.8541
-130.266863 58.838368
-130.221717 58.818101
-130.128985 58.813897
-130.064676 58.802908
-130.005964 58.779854
-129.93474 58.739499
-129.885682 58.714156
-129.807959 58.700302
-129.68569 58.665929
-129.613205 58.647207
-129.522551 58.625561
-129.383087 58.583144
-129.297131 58.563871
-129.234058 58.547588
-129.164024 58.509194
-129.10186 58.485565
-129.035944 58.454497
-128.955621 58.430259
-128.893489 58.408945
-128.790207 58.386327
-128.712613 58.381462
-128.578355 58.350368
-128.485479 58.320512
-128.416188 58.286518
-128.347336 58.250058
-128.204603 58.18412
-128.131642 58.147365
-128.088882 58.125081
-127.808038 58.010741
-127.7586 58.006331
-127.639927 57.977133
-127.634015 57.954951
-127.614569 57.932207
-127.575701 57.918399
-127.549689 57.909995
-127.521916 57.913701
-127.346822 57.81105
-127.275587 57.773748
-127.229181 57.752154
-127.147783 57.694779
-127.10795 57.661223
-127.057329 57.639349
-126.988897 57.61661
-126.913596 57.581288
-126.842838 57.519267
-126.770723 57.466887
-126.719001 57.42768
-126.666987 57.39087
-126.607871 57.343893
-126.567303 57.319824
-126.546361 57.31107
>
-140.972937 61.469611
-140.999998 61.471624
-141.299802 61.552458
-141.532186 61.623136
-141.712796 61.718687
-141.849857 61.817131
-142.071625 61.938262
-142.310738 62.186269
-142.630747 62.444318
-142.963856 62.655606
-143.278399 62.823525
>
-144.96029 60.762332
-145.160554 60.756428
-145.412806 60.717973
-145.663723 60.633524
-145.667114 60.632133
-145.677108 60.625922
-145.681198 60.618762
-145.690139 60.613193
-145.69931 60.603736
-145.704559 60.592731
-145.739272 60.573383
-145.747711 60.565265
-145.74617 60.560844
-145.762756 60.553997
-145.767608 60.545036
-145.759842 60.538971
-145.766845 60.536293
-145.781479 60.535091
-145.789398 60.532455
-145.794326 60.528308
-145.793762 60.52095
-145.801452 60.516925
-146.407934 60.224786
>
-146.962829 63.547496
-147.002594 63.5309
-147.75733 63.466452
-148.543348 63.458252
-149.124488 63.40592
-150.170665 63.29207
-151.122224 63.149775
-151.135127 63.12663
-152.110862 62.756208
-152.475464 62.70997
-152.741489 62.654753
-152.99356 62.595588
-153.462031 62.520914
-153.640031 62.49656
>
-145.696789 65.672317
-145.682909 65.665573
-145.467949 65.666355
-144.787276 65.539384
-144.216745 65.421766
-143.529116 65.30089
-142.906607 65.203269
-142.529631 65.106078
-142.317392 65.050628
-141.658029 64.880251
-141 64.725776
-140.999013 64.725492
-139.569114 64.29919
-139.09602 64.141969
-138.5262 63.960633
-138.01724 63.790693
-137.623578 63.664311
-137.282207 63.557588
-137.068407 63.479623
-136.696594 63.339068
-136.536351 63.27233
-136.503523 63.260243
-135.843804 63.019779
-135.81048 63.01034
-135.751668 62.993696
-135.682863 62.973358
-135.591987 62.946173
-135.536381 62.926935
-135.488324 62.907515
-135.445864 62.88991
>
-145.741583 65.694076
-145.682909 65.665573
-145.839799 65.664814
-146.106242 65.65139
-146.780732 65.476422
-147.339667 65.370832
-147.737034 65.289662
-148.027661 65.197791
-148.44337 65.112348
-148.765731 65.07717
-149.178933 65.030931
-149.740334 64.986785
-150.104905 64.94337
-150.114619 64.941484
-150.387089 64.888236
-150.63222 64.81621
-150.804283 64.711149
-150.801817 64.707609
-151.043447 64.679313
>
-158.120632 62.307345
-158.546456 62.177527
-158.797813 62.058016
-159.047154 61.938028
-160.514037 61.094971
-161.12581 60.699725
>
