194 54.5 1.40883
195 54.5 0.880842
228 54.5 1
229 54.5 1
230 54.5 0.904836
194 55 1.06757
195 55 0.946834
196 55 1.01008
197 55 1.12287
200 55 0.880444
228 55 1
229 55 0.899773
230 55 0.827122
193 55.5 1
194 55.5 1.04437
195 55.5 0.930135
196 55.5 0.785797
197 55.5 1.63784
198 55.5 1.40133
200 55.5 0.651709
201 55.5 0.55669
228 55.5 0.609576
229 55.5 0.663672
194 56 1.3943
195 56 1.22456
196 56 0.790437
197 56 0.700319
198 56 1.4623
199 56 1.07079
200 56 0.576498
201 56 0.74251
202 56 0.92284
227 56 0.596597
228 56 0.591611
229 56 0.796659
230 56 0.807014
194 56.5 0.92376
195 56.5 1.20156
196 56.5 1.0596
197 56.5 0.8081
198 56.5 1.42174
199 56.5 0.874402
200 56.5 0.844153
201 56.5 0.768437
202 56.5 1.54271
203 56.5 0.867937
226 56.5 0.979501
227 56.5 0.617729
228 56.5 1.25756
229 56.5 0.832052
230 56.5 0.639287
190 57 1
193 57 0.452694
194 57 0.631494
195 57 0.97883
196 57 1.35992
197 57 1.45943
198 57 1.37249
199 57 1.30063
200 57 1.62117
201 57 2
202 57 1.49689
203 57 1.40581
204 57 0.907547
205 57 0.999256
225 57 1.30676
226 57 1.13516
227 57 0.669353
228 57 1.11055
229 57 0.574752
230 57 0.644947
190 57.5 0.418802
191 57.5 0.571698
192 57.5 0.570996
193 57.5 0.680305
194 57.5 0.59543
195 57.5 0.8907
196 57.5 1.26887
197 57.5 1.01788
198 57.5 1.06526
199 57.5 0.97955
200 57.5 1.25296
201 57.5 0.81894
202 57.5 1.09946
203 57.5 1.14612
204 57.5 1.08848
205 57.5 1.01654
222 57.5 1
223 57.5 1
224 57.5 1.20332
225 57.5 1.17904
226 57.5 0.61905
227 57.5 0.973195
228 57.5 0.92604
229 57.5 0.539174
230 57.5 0.510842
190 58 1
191 58 0.489696
192 58 0.562934
193 58 0.715681
194 58 0.805222
195 58 0.877063
196 58 0.886617
197 58 0.940883
198 58 0.920708
199 58 0.94133
200 58 1.16705
201 58 0.916551
202 58 0.937467
203 58 0.744576
204 58 0.570347
205 58 0.809626
206 58 0.757363
207 58 1.07545
208 58 1.257
221 58 2
222 58 1.62142
223 58 1.00097
224 58 0.879261
225 58 0.800498
226 58 0.91007
227 58 0.886021
228 58 0.591339
229 58 0.633284
230 58 0.40726
190 58.5 1
191 58.5 0.454849
192 58.5 0.860933
193 58.5 0.781034
194 58.5 0.885162
195 58.5 0.86916
196 58.5 0.877813
197 58.5 0.788051
198 58.5 0.63928
199 58.5 0.888582
200 58.5 1.14618
201 58.5 0.986415
202 58.5 0.572897
203 58.5 0.588138
204 58.5 0.701501
205 58.5 0.824963
206 58.5 0.91557
207 58.5 1.11698
208 58.5 1.03085
209 58.5 0.997312
219 58.5 2
220 58.5 1.64763
221 58.5 1.74986
222 58.5 1.66605
223 58.5 1.41141
224 58.5 0.996775
225 58.5 1.10376
226 58.5 1.39431
227 58.5 0.97817
228 58.5 0.885889
229 58.5 0.575567
190 59 1
191 59 1
192 59 0.782496
193 59 0.842232
194 59 0.930336
195 59 0.893191
196 59 0.787996
197 59 0.76417
198 59 0.674415
199 59 0.675776
200 59 0.843421
201 59 0.747854
202 59 0.658052
203 59 0.695925
204 59 0.63779
205 59 0.794557
206 59 1.57525
207 59 0.670122
208 59 0.995975
209 59 0.878362
210 59 1.32636
211 59 1.61664
212 59 1.57918
218 59 1.90839
219 59 1.46943
220 59 1.81724
221 59 2
222 59 2
223 59 2
224 59 1.21921
225 59 0.872675
226 59 1.19999
227 59 0.80218
228 59 1.14194
229 59 0.427634
235 59 1
236 59 1
191 59.5 1
192 59.5 0.602034
193 59.5 0.875934
194 59.5 0.807948
195 59.5 0.866397
196 59.5 0.710009
197 59.5 1.04126
198 59.5 0.746487
199 59.5 0.737679
200 59.5 0.896746
201 59.5 1.00433
202 59.5 1.51354
203 59.5 1.1351
204 59.5 0.989416
205 59.5 0.942079
206 59.5 0.680661
207 59.5 1.21213
208 59.5 1.19965
209 59.5 1.00367
210 59.5 1.19093
211 59.5 1.00039
212 59.5 1.41703
213 59.5 1.30376
214 59.5 1.04524
215 59.5 1.52236
216 59.5 1.93601
217 59.5 1.13354
218 59.5 1.31479
219 59.5 2
220 59.5 2
221 59.5 2
222 59.5 1.74576
223 59.5 0.990048
224 59.5 1.08533
225 59.5 0.820812
226 59.5 1.02497
227 59.5 1.00376
228 59.5 0.646163
229 59.5 0.658367
230 59.5 0.660665
235 59.5 1
191 60 1
192 60 0.504308
193 60 0.772171
194 60 0.702948
195 60 0.769908
196 60 0.802968
197 60 0.775237
198 60 0.677011
199 60 0.838184
200 60 0.572179
201 60 0.997639
202 60 1.31828
203 60 1.29852
204 60 1.48231
205 60 0.911694
206 60 1.10185
207 60 1.60472
208 60 1.58028
209 60 1.5833
210 60 0.740677
211 60 0.85368
212 60 1.51032
213 60 2.04826
214 60 1.48992
215 60 1.5521
216 60 1.69589
217 60 1.65457
218 60 1.03596
219 60 2.11031
220 60 1.4316
221 60 0.872808
222 60 1.01291
223 60 1.09856
224 60 0.863817
225 60 1.21904
226 60 1.02237
227 60 0.640749
228 60 0.568873
229 60 0.603941
230 60 0.586171
192 60.5 1
193 60.5 0.520966
194 60.5 0.561471
195 60.5 0.78491
196 60.5 1.27066
197 60.5 0.970132
198 60.5 0.726389
199 60.5 1.01547
200 60.5 0.976052
201 60.5 1.06597
202 60.5 1.43725
203 60.5 1.92381
204 60.5 1.4568
205 60.5 1.77417
206 60.5 1.37889
207 60.5 2.19155
208 60.5 1.1938
209 60.5 1.91769
210 60.5 2.21905
211 60.5 1.32725
212 60.5 1.07849
213 60.5 0.643532
214 60.5 1.19722
215 60.5 1.34127
216 60.5 0.923919
217 60.5 1.73253
218 60.5 0.946238
219 60.5 1.42034
220 60.5 0.967041
221 60.5 0.8019
222 60.5 0.907611
223 60.5 0.662864
224 60.5 0.95287
225 60.5 0.572433
226 60.5 0.810191
227 60.5 0.642515
228 60.5 0.507643
229 60.5 0.449749
230 60.5 0.421601
231 60.5 0.406649
192 61 1
193 61 0.230524
194 61 0.343934
195 61 0.442278
196 61 1.82839
197 61 1.03858
198 61 1.1427
199 61 1.13689
200 61 0.978235
201 61 1.55176
202 61 1.00795
203 61 1.16737
204 61 1.06786
205 61 1.43668
206 61 2.03508
207 61 1.9532
208 61 1.74338
209 61 1.91991
210 61 2.43652
211 61 2.57648
212 61 1.34472
213 61 1.39493
214 61 0.541343
215 61 0.845316
216 61 0.49672
217 61 1.22279
218 61 0.780547
219 61 0.675122
220 61 0.683012
221 61 0.562261
222 61 0.597453
223 61 0.518478
224 61 0.489556
225 61 0.716688
226 61 1.09148
227 61 0.561748
228 61 0.552073
229 61 0.520191
230 61 0.448749
192 61.5 1
193 61.5 0.289258
194 61.5 0.311247
195 61.5 0.492024
196 61.5 1.45921
197 61.5 1.44702
198 61.5 1.10112
199 61.5 1.25336
200 61.5 1.06757
201 61.5 1.34973
202 61.5 1.43807
203 61.5 2.14489
204 61.5 1.60019
205 61.5 1.03008
206 61.5 1.66992
207 61.5 1.38986
208 61.5 0.944841
209 61.5 0.961225
210 61.5 2.47816
211 61.5 1.35295
212 61.5 1.54254
213 61.5 1.90517
214 61.5 0.678703
215 61.5 1.29995
216 61.5 1.15086
217 61.5 0.891529
218 61.5 0.856202
219 61.5 0.89661
220 61.5 0.800489
221 61.5 0.888498
222 61.5 0.703547
223 61.5 0.810742
224 61.5 0.856246
225 61.5 0.738011
226 61.5 0.419251
227 61.5 0.403327
228 61.5 0.453725
229 61.5 0.571
230 61.5 0.630932
231 61.5 0.640055
192 62 1
193 62 0.352769
194 62 0.607399
195 62 0.918773
196 62 1.23761
197 62 1.07198
198 62 1.027
199 62 0.984614
200 62 1.04937
201 62 1.28936
202 62 2.12025
203 62 2.33565
204 62 1.85897
205 62 1.28298
206 62 1.33866
207 62 0.735172
208 62 0.763341
209 62 0.860938
210 62 1.06954
211 62 0.976242
212 62 1.50652
213 62 1.22132
214 62 1.46965
215 62 2.90274
216 62 1.77691
217 62 1.22771
218 62 1.16843
219 62 1.315
220 62 1.31822
221 62 0.879688
222 62 0.804293
223 62 1.46411
224 62 0.995048
225 62 0.873582
226 62 0.337733
227 62 0.35219
228 62 0.543803
229 62 0.641044
230 62 0.674858
193 62.5 0.456864
194 62.5 0.643028
195 62.5 1.22704
196 62.5 1.23194
197 62.5 1.06301
198 62.5 0.850001
199 62.5 1.03672
200 62.5 1.83879
201 62.5 1.14676
202 62.5 1.17906
203 62.5 1.42453
204 62.5 1.99375
205 62.5 1.40375
206 62.5 1.00137
207 62.5 0.961846
208 62.5 1.31581
209 62.5 1.71245
210 62.5 1.51759
211 62.5 1.09569
212 62.5 1.24869
213 62.5 1.10709
214 62.5 1.40151
215 62.5 1.40289
216 62.5 0.907434
217 62.5 0.886621
218 62.5 1.36242
219 62.5 1.41571
220 62.5 1.27857
221 62.5 1.00305
222 62.5 0.856639
223 62.5 1.08024
224 62.5 0.675596
225 62.5 0.516243
226 62.5 0.371008
227 62.5 0.387145
228 62.5 0.571692
229 62.5 0.610589
230 62.5 0.572187
191 63 0.197607
192 63 0.313177
193 63 0.423744
194 63 0.500651
195 63 0.660781
196 63 1.31398
197 63 1.0858
198 63 1.17085
199 63 1.32167
200 63 1.62996
201 63 0.968244
202 63 0.752078
203 63 1.7812
204 63 1.90652
205 63 1.53533
206 63 0.887382
207 63 0.832993
208 63 0.878683
209 63 1.1703
210 63 1.61427
211 63 1.34022
212 63 0.887548
213 63 0.895839
214 63 1.6769
215 63 0.995065
216 63 0.812
217 63 1.11788
218 63 0.998862
219 63 0.745374
220 63 0.982595
221 63 0.835297
222 63 1.06892
223 63 0.841185
224 63 0.603089
225 63 0.385788
226 63 0.330147
227 63 0.417837
228 63 0.480388
229 63 0.483823
230 63 0.354202
190 63.5 0.17165
191 63.5 0.24704
192 63.5 0.381517
193 63.5 0.45825
194 63.5 0.50084
195 63.5 0.53527
196 63.5 1.55899
197 63.5 1.37748
198 63.5 1.23477
199 63.5 1.49461
200 63.5 1.32526
201 63.5 0.83895
202 63.5 0.482385
203 63.5 1.044
204 63.5 1.27981
205 63.5 1.6596
206 63.5 1.84219
207 63.5 1.16545
208 63.5 1.03282
209 63.5 0.641899
210 63.5 1.03629
211 63.5 1.07544
212 63.5 0.963534
213 63.5 0.917781
214 63.5 1.10579
215 63.5 0.992919
216 63.5 1.39943
217 63.5 1.47727
218 63.5 1.19734
219 63.5 1.19267
220 63.5 0.930912
221 63.5 1.01366
222 63.5 1.12432
223 63.5 1.08636
224 63.5 0.265105
225 63.5 0.243634
226 63.5 0.248502
227 63.5 0.29515
228 63.5 0.344737
229 63.5 0.309732
190 64 0.208264
191 64 0.358953
192 64 0.546265
193 64 1.06558
194 64 0.627042
195 64 0.619312
196 64 0.854131
197 64 0.722308
198 64 1.01532
199 64 1.16589
200 64 0.988979
201 64 0.816092
202 64 0.699337
203 64 1.20973
204 64 1.61185
205 64 1.65949
206 64 1.56298
207 64 1.29825
208 64 0.76827
209 64 0.840938
210 64 0.650996
211 64 0.699165
212 64 0.752477
213 64 0.81365
214 64 0.652486
215 64 0.842374
216 64 1.43213
217 64 1.23538
218 64 1.74802
219 64 1.72774
220 64 1.1941
221 64 0.826572
222 64 0.724952
223 64 1.21043
224 64 1.00736
225 64 0.776362
226 64 0.181033
227 64 0.214208
228 64 0.261353
229 64 0.232195
189 64.5 0.0899628
190 64.5 0.271768
191 64.5 0.33381
192 64.5 0.39468
193 64.5 1.05798
194 64.5 0.378262
195 64.5 0.335959
196 64.5 0.45935
197 64.5 1.22346
198 64.5 1.04479
199 64.5 0.821478
200 64.5 1.33447
201 64.5 1.0825
202 64.5 1.32102
203 64.5 1.17315
204 64.5 1.31113
205 64.5 1.06221
206 64.5 1.24621
207 64.5 0.95513
208 64.5 1.00095
209 64.5 0.857075
210 64.5 0.775988
211 64.5 0.965694
212 64.5 0.932439
213 64.5 0.665488
214 64.5 0.796476
215 64.5 0.625544
216 64.5 0.78624
217 64.5 0.937567
218 64.5 0.925561
219 64.5 1.16899
220 64.5 1.30651
221 64.5 1.13964
222 64.5 1.10053
223 64.5 0.726768
224 64.5 0.350129
225 64.5 0.324093
226 64.5 0.264841
227 64.5 0.298247
228 64.5 0.275705
229 64.5 0.290135
230 64.5 1
190 65 0.177897
191 65 0.352426
192 65 0.393717
193 65 0.721285
194 65 0.435316
195 65 0.703567
196 65 1.09926
197 65 0.992418
198 65 1.13239
199 65 0.912422
200 65 0.885668
201 65 0.552421
202 65 1.48497
203 65 1.73985
204 65 1.39582
205 65 1.06875
206 65 1.04518
207 65 1.37034
208 65 1.5667
209 65 1.07706
210 65 0.702877
211 65 1.11762
212 65 0.829129
213 65 0.869223
214 65 0.99487
215 65 0.909201
216 65 0.956389
217 65 1.03875
218 65 1.03868
219 65 0.819693
220 65 0.803156
221 65 0.99334
222 65 1.05491
223 65 0.703103
224 65 0.587749
225 65 0.393951
226 65 0.364033
227 65 0.323722
228 65 0.28809
192 65.5 0.221622
193 65.5 0.310648
194 65.5 0.490958
195 65.5 0.510913
196 65.5 1.11342
197 65.5 1.35201
198 65.5 1.47542
199 65.5 1.76322
200 65.5 1.64677
201 65.5 1.53611
202 65.5 2.30886
203 65.5 1.98148
204 65.5 1.67822
205 65.5 1.71255
206 65.5 1.56569
207 65.5 1.62046
208 65.5 1.49174
209 65.5 1.60478
210 65.5 1.72079
211 65.5 1.94808
212 65.5 1.30434
213 65.5 1.05877
214 65.5 1.18826
215 65.5 1.03963
216 65.5 1.00552
217 65.5 1.61251
218 65.5 1.0783
219 65.5 0.659673
220 65.5 0.725014
221 65.5 0.982779
222 65.5 1.15563
223 65.5 0.72008
224 65.5 0.508137
225 65.5 0.408179
226 65.5 0.421866
227 65.5 0.354728
228 65.5 0.350036
192 66 0.14518
193 66 0.190965
194 66 0.35077
195 66 0.335403
196 66 0.366657
197 66 0.456135
198 66 1.0892
199 66 1.65108
200 66 1.3246
201 66 1.87332
202 66 1.86115
203 66 1.74068
204 66 1.54586
205 66 1.41206
206 66 1.36884
207 66 1.37328
208 66 1.66538
209 66 1.52202
210 66 1.45388
211 66 1.8826
212 66 1.23522
213 66 0.863458
214 66 0.985981
215 66 0.801825
216 66 1.21131
217 66 1.48585
218 66 1.4774
219 66 1.15543
220 66 0.725105
221 66 0.945416
222 66 0.561417
223 66 1.04563
224 66 1.05443
225 66 0.890112
226 66 0.370207
227 66 0.417748
228 66 0.403242
193 66.5 0.284746
194 66.5 0.31512
195 66.5 0.638866
196 66.5 0.690602
197 66.5 1.06961
198 66.5 0.893063
199 66.5 1.05385
200 66.5 1.14595
201 66.5 1.33324
202 66.5 1.77779
203 66.5 1.36229
204 66.5 1.58947
205 66.5 1.99511
206 66.5 1.67002
207 66.5 0.751895
208 66.5 1.43533
209 66.5 1.69035
210 66.5 1.90754
211 66.5 1.69061
212 66.5 1.23994
213 66.5 1.0557
214 66.5 0.842084
215 66.5 0.824425
216 66.5 1.46222
217 66.5 1.47659
218 66.5 1.19225
219 66.5 1.28064
220 66.5 1.0315
221 66.5 0.709777
222 66.5 0.634054
223 66.5 0.80006
224 66.5 0.834711
225 66.5 0.665985
226 66.5 0.434963
227 66.5 0.404926
228 66.5 0.417974
229 66.5 0.460724
193 67 0.360151
194 67 0.426394
195 67 0.672023
196 67 0.797408
197 67 0.931376
198 67 0.589765
199 67 0.970531
200 67 0.995522
201 67 0.714692
202 67 0.769626
203 67 0.86292
204 67 0.824928
205 67 0.986254
206 67 0.932156
207 67 0.69688
208 67 1.23616
209 67 1.20912
210 67 1.11615
211 67 1.26781
212 67 1.27973
213 67 1.15845
214 67 0.678894
215 67 0.948127
216 67 1.08029
217 67 1.23714
218 67 1.40385
219 67 1.28994
220 67 0.742399
221 67 0.389733
222 67 0.787788
223 67 0.840867
224 67 0.909578
225 67 0.681023
226 67 0.531009
227 67 0.404557
228 67 0.39474
229 67 0.415953
230 67 0.436798
193 67.5 0.353718
194 67.5 0.488702
195 67.5 0.975419
196 67.5 0.884912
197 67.5 0.938332
198 67.5 1.48318
199 67.5 1.12323
200 67.5 0.944895
201 67.5 1.0096
202 67.5 0.806718
203 67.5 0.802397
204 67.5 0.583818
205 67.5 0.59171
206 67.5 1.25905
207 67.5 0.831966
208 67.5 0.634098
209 67.5 0.6893
210 67.5 0.479371
211 67.5 1.03787
212 67.5 0.879645
213 67.5 0.909784
214 67.5 0.734453
215 67.5 0.835197
216 67.5 0.863258
217 67.5 1.23836
218 67.5 1.66996
219 67.5 0.91341
220 67.5 0.84473
221 67.5 0.418029
222 67.5 0.67598
223 67.5 0.725899
224 67.5 1.01993
225 67.5 0.546372
226 67.5 0.396633
227 67.5 0.47074
228 67.5 0.520572
229 67.5 0.498743
230 67.5 0.482793
231 67.5 0.402251
232 67.5 1
194 68 0.285386
195 68 0.471191
196 68 0.430713
197 68 0.460487
198 68 0.790362
199 68 0.863756
200 68 0.932891
201 68 1.09934
202 68 0.909474
203 68 0.925376
204 68 0.851313
205 68 1.04977
206 68 1.23506
207 68 1.29274
208 68 1.65748
209 68 1.90669
210 68 1.07442
211 68 0.759135
212 68 0.807006
213 68 0.961963
214 68 0.91329
215 68 0.888159
216 68 0.850989
217 68 0.92355
218 68 1.07637
219 68 0.779032
220 68 0.788361
221 68 0.764243
222 68 0.375778
223 68 0.771947
224 68 0.636267
225 68 0.87584
226 68 0.572422
227 68 0.600097
228 68 0.581135
229 68 0.579987
230 68 0.474209
231 68 0.425387
232 68 0.349709
233 68 0.303268
195 68.5 0.476125
196 68.5 0.462464
197 68.5 0.52566
198 68.5 0.660071
199 68.5 1.02795
200 68.5 1.4809
201 68.5 1.51112
202 68.5 1.28768
203 68.5 1.10656
204 68.5 1.2066
205 68.5 1.7002
206 68.5 1.66029
207 68.5 1.69896
208 68.5 1.765
209 68.5 1.64946
210 68.5 1.21709
211 68.5 0.844774
212 68.5 1.19562
213 68.5 1.02856
214 68.5 1.03516
215 68.5 0.597384
216 68.5 0.690996
217 68.5 0.659579
218 68.5 0.824677
219 68.5 0.78388
220 68.5 0.749044
221 68.5 0.807657
222 68.5 0.443588
223 68.5 0.519572
224 68.5 0.520795
225 68.5 0.615418
226 68.5 0.609353
227 68.5 0.683533
228 68.5 0.793456
229 68.5 0.704542
230 68.5 0.530994
231 68.5 0.414863
232 68.5 0.327704
233 68.5 0.282029
234 68.5 0.243692
235 68.5 1
197 69 0.629233
198 69 0.735628
199 69 1.41382
200 69 1.39905
201 69 1.78642
202 69 1.5673
203 69 1.70006
204 69 1.50804
205 69 3.5
206 69 1.81957
207 69 1.58351
208 69 1.6249
209 69 2.02095
210 69 1.52601
211 69 2.1195
212 69 1.55454
213 69 0.913638
214 69 0.609359
215 69 0.644662
216 69 1.04596
217 69 0.985091
218 69 0.480186
219 69 0.630563
220 69 0.874418
221 69 1.14891
222 69 0.476539
223 69 0.550501
224 69 0.716275
225 69 0.704003
226 69 0.840907
227 69 0.676489
228 69 0.567715
229 69 0.451748
230 69 0.523625
231 69 0.465509
232 69 0.402671
233 69 0.32779
234 69 0.242424
235 69 0.206128
197 69.5 0.498908
198 69.5 0.668264
199 69.5 0.741566
200 69.5 1.44349
201 69.5 1.84541
202 69.5 1.86767
203 69.5 1.83791
204 69.5 2.05502
205 69.5 2.24848
206 69.5 2.23968
207 69.5 2.92755
208 69.5 2.61862
209 69.5 2.23229
210 69.5 1.74791
211 69.5 1.23748
212 69.5 0.925073
213 69.5 0.779184
214 69.5 0.881212
215 69.5 1.23485
216 69.5 0.754804
217 69.5 0.625587
218 69.5 0.675361
219 69.5 0.751815
220 69.5 0.763184
221 69.5 0.668019
222 69.5 0.641154
223 69.5 0.716863
224 69.5 0.672382
225 69.5 0.646111
226 69.5 0.704845
227 69.5 0.672047
228 69.5 0.497455
229 69.5 0.383669
230 69.5 0.533739
231 69.5 0.676872
232 69.5 0.706006
233 69.5 0.625866
235 69.5 1
198 70 0.635611
199 70 0.738461
200 70 1.54645
201 70 1.88983
202 70 2.24233
203 70 2.62904
204 70 2.71045
205 70 2.68287
206 70 3.11515
207 70 1.89247
208 70 1.38286
209 70 0.527447
210 70 0.513172
211 70 0.474021
212 70 0.388618
213 70 0.508775
214 70 0.44623
215 70 0.433906
223 70 1.10092
224 70 1.09876
225 70 1.00508
226 70 0.766291
227 70 0.567803
228 70 0.597625
229 70 0.559217
230 70 0.466151
231 70 0.599387
200 70.5 0.680129
201 70.5 0.809352
202 70.5 0.796612
203 70.5 0.916497
204 70.5 1.57444
205 70.5 0.76775
206 70.5 0.72433
207 70.5 0.485898
208 70.5 0.47373
209 70.5 0.343892
210 70.5 0.410614
211 70.5 0.433356
212 70.5 0.332444
213 70.5 0.418802
227 70.5 0.638823
228 70.5 0.651288
229 70.5 0.652888
230 70.5 0.517418
231 70.5 0.438422
202 71 0.430052
203 71 0.529755
204 71 0.455634
205 71 0.505681
206 71 0.445524
207 71 0.553472
209 71 1
210 71 1
211 71 1
228 71 1
229 71 0.810663
230 71 0.838098
231 71 0.688324
232 71 0.51835
233 71 0.558064
234 71 1
204 71.5 0.3214
230 71.5 0.903427
231 71.5 0.770736
232 71.5 0.521938
233 71.5 0.409553
234 71.5 1
235 71.5 1
