194 54.5 1.38016
195 54.5 0.820999
228 54.5 1
229 54.5 1
230 54.5 0.955789
194 55 1.10388
195 55 0.782236
196 55 0.925922
197 55 1.01703
200 55 0.846097
228 55 1
229 55 0.87365
230 55 0.740045
193 55.5 1
194 55.5 1.20772
195 55.5 0.909904
196 55.5 0.763156
197 55.5 1.46239
198 55.5 1.28788
200 55.5 0.648444
201 55.5 0.538991
228 55.5 0.687771
229 55.5 0.70211
194 56 1.31062
195 56 1.0304
196 56 0.792158
197 56 0.847349
198 56 1.44979
199 56 0.99472
200 56 0.781743
201 56 0.76938
202 56 1.00067
227 56 0.810808
228 56 0.804011
229 56 0.737081
230 56 0.918202
194 56.5 0.95871
195 56.5 1.06258
196 56.5 1.04116
197 56.5 0.966083
198 56.5 1.62296
199 56.5 1.19446
200 56.5 1.09731
201 56.5 1.33669
202 56.5 1.71253
203 56.5 0.842124
226 56.5 1.07438
227 56.5 1.21603
228 56.5 1.01661
229 56.5 1.25137
230 56.5 1.05296
190 57 1
193 57 0.833485
194 57 0.906524
195 57 1.00998
196 57 1.36421
197 57 1.55077
198 57 1.62412
199 57 1.34938
200 57 1.69236
201 57 1.42705
202 57 1.77182
203 57 1.29575
204 57 0.846564
205 57 1.16334
225 57 1.06769
226 57 1.07487
227 57 1.21673
228 57 1.20111
229 57 1.25508
230 57 1.07034
190 57.5 0.528026
191 57.5 0.906649
192 57.5 0.778172
193 57.5 0.858142
194 57.5 1.06915
195 57.5 1.50357
196 57.5 1.45137
197 57.5 1.13774
198 57.5 1.08596
199 57.5 0.920674
200 57.5 1.21669
201 57.5 1.08133
202 57.5 1.27479
203 57.5 1.06454
204 57.5 0.962133
205 57.5 1.00528
222 57.5 1
223 57.5 1
224 57.5 0.930397
225 57.5 1.02092
226 57.5 0.882403
227 57.5 0.973766
228 57.5 0.859251
229 57.5 0.873209
230 57.5 0.637976
190 58 1
191 58 0.541919
192 58 0.824376
193 58 1.09859
194 58 1.14869
195 58 1.11207
196 58 1.00938
197 58 1.16909
198 58 1.09956
199 58 1.04047
200 58 0.918202
201 58 1.10586
202 58 1.72365
203 58 1.41896
204 58 0.565485
205 58 0.757199
206 58 0.77916
207 58 1.03626
208 58 1.28646
221 58 2
222 58 1.50884
223 58 0.992708
224 58 1.46505
225 58 1.02425
226 58 0.845703
227 58 0.789766
228 58 0.539259
229 58 0.474234
230 58 0.652982
190 58.5 1
191 58.5 0.417217
192 58.5 0.536611
193 58.5 1.12276
194 58.5 1.22362
195 58.5 0.928515
196 58.5 0.902107
197 58.5 1.06342
198 58.5 0.97864
199 58.5 1.00252
200 58.5 1.11066
201 58.5 0.995969
202 58.5 1.48978
203 58.5 1.13423
204 58.5 0.631928
205 58.5 0.716591
206 58.5 0.79695
207 58.5 1.43242
208 58.5 1.16934
209 58.5 1.27354
219 58.5 2
220 58.5 2
221 58.5 2
222 58.5 1.52155
223 58.5 1.01999
224 58.5 0.982263
225 58.5 0.752777
226 58.5 1.34603
227 58.5 0.947634
228 58.5 0.978232
229 58.5 0.441822
190 59 1
191 59 1
192 59 0.542283
193 59 0.781317
194 59 1.03017
195 59 1.01411
196 59 0.712331
197 59 0.974462
198 59 1.32673
199 59 1.03894
200 59 1.01347
201 59 0.995909
202 59 1.36815
203 59 0.71907
204 59 0.858808
205 59 0.791465
206 59 1.51167
207 59 0.645278
208 59 1.29447
209 59 2
210 59 1.8888
211 59 1.33465
212 59 1.48916
218 59 2
219 59 2
220 59 2
221 59 2
222 59 2
223 59 2
224 59 1.03888
225 59 0.786897
226 59 1.10229
227 59 0.740834
228 59 1.07883
229 59 0.611993
235 59 1
236 59 1
191 59.5 1
192 59.5 0.504104
193 59.5 0.844213
194 59.5 0.798961
195 59.5 0.93075
196 59.5 0.740424
197 59.5 0.783802
198 59.5 1.08153
199 59.5 1.03078
200 59.5 1.05981
201 59.5 0.660001
202 59.5 1.29618
203 59.5 0.971876
204 59.5 0.816123
205 59.5 0.698909
206 59.5 0.687785
207 59.5 1.08583
208 59.5 1.51407
209 59.5 2
210 59.5 2
211 59.5 1.81315
212 59.5 1.00802
213 59.5 1.02199
214 59.5 0.93721
215 59.5 1.62302
216 59.5 1.94995
217 59.5 1.0823
218 59.5 1.32065
219 59.5 2
220 59.5 2
221 59.5 2
222 59.5 2
223 59.5 1.10899
224 59.5 0.743449
225 59.5 0.499765
226 59.5 0.843536
227 59.5 0.950359
228 59.5 0.981329
229 59.5 1.36116
230 59.5 1.08771
235 59.5 1
191 60 1
192 60 0.472742
193 60 0.802961
194 60 0.698227
195 60 0.95162
196 60 1.02626
197 60 1.05039
198 60 0.602481
199 60 0.947715
200 60 0.737601
201 60 1.00773
202 60 0.761884
203 60 1.02888
204 60 0.773131
205 60 0.591811
206 60 0.725827
207 60 1.20754
208 60 1.57696
209 60 1.72566
210 60 2.62104
211 60 1.26422
212 60 1.29302
213 60 2.3913
214 60 1.71107
215 60 1.4627
216 60 1.46054
217 60 1.71516
218 60 0.900106
219 60 1.95847
220 60 1.61607
221 60 0.871838
222 60 0.982282
223 60 1.05748
224 60 0.655165
225 60 0.93494
226 60 0.782251
227 60 1.15538
228 60 1.09424
229 60 0.990172
230 60 0.955085
192 60.5 1
193 60.5 0.568932
194 60.5 0.540845
195 60.5 0.925196
196 60.5 1.37035
197 60.5 1.16051
198 60.5 0.889438
199 60.5 1.14545
200 60.5 0.728218
201 60.5 1.04991
202 60.5 1.31564
203 60.5 1.58398
204 60.5 0.810892
205 60.5 1.03544
206 60.5 0.93388
207 60.5 1.69606
208 60.5 1.51501
209 60.5 1.97784
210 60.5 2.68851
211 60.5 1.48849
212 60.5 1.19585
213 60.5 0.657809
214 60.5 1.78252
215 60.5 1.68013
216 60.5 0.924345
217 60.5 1.58725
218 60.5 1.01709
219 60.5 1.43271
220 60.5 0.873067
221 60.5 0.669687
222 60.5 0.882204
223 60.5 0.664074
224 60.5 0.820067
225 60.5 0.473575
226 60.5 1.02409
227 60.5 0.839401
228 60.5 0.835996
229 60.5 0.770615
230 60.5 0.683883
231 60.5 0.62944
192 61 1
193 61 0.225731
194 61 0.32674
195 61 0.458268
196 61 1.12955
197 61 0.678403
198 61 0.909734
199 61 0.893196
200 61 0.932821
201 61 1.2285
202 61 1.35303
203 61 2.94044
204 61 1.78866
205 61 1.46117
206 61 1.27685
207 61 1.35456
208 61 1.45621
209 61 1.71379
210 61 2.53018
211 61 2.80729
212 61 1.24302
213 61 1.99874
214 61 1.4679
215 61 1.43676
216 61 1.83148
217 61 1.52139
218 61 0.777042
219 61 0.665927
220 61 0.846417
221 61 0.748883
222 61 0.759713
223 61 0.750422
224 61 0.374796
225 61 0.786195
226 61 1.13779
227 61 0.782431
228 61 0.766118
229 61 0.699097
230 61 0.639545
192 61.5 1
193 61.5 0.29531
194 61.5 0.282122
195 61.5 0.356373
196 61.5 0.805125
197 61.5 0.901657
198 61.5 0.913968
199 61.5 1.20888
200 61.5 0.943891
201 61.5 1.01226
202 61.5 0.960428
203 61.5 2.40356
204 61.5 2.35739
205 61.5 1.06819
206 61.5 1.68403
207 61.5 1.13907
208 61.5 1.1351
209 61.5 1.10516
210 61.5 2.59866
211 61.5 1.53748
212 61.5 1.53911
213 61.5 2.17492
214 61.5 3.03671
215 61.5 2.32719
216 61.5 1.37303
217 61.5 1.1922
218 61.5 0.901523
219 61.5 1.0009
220 61.5 0.93555
221 61.5 1.17067
222 61.5 0.951903
223 61.5 1.02851
224 61.5 0.613022
225 61.5 0.755108
226 61.5 0.963475
227 61.5 0.749278
228 61.5 0.710971
229 61.5 0.784298
230 61.5 0.732073
231 61.5 0.721471
192 62 1
193 62 0.474259
194 62 0.526412
195 62 0.624919
196 62 0.807287
197 62 0.67751
198 62 1.07516
199 62 1.15197
200 62 1.07126
201 62 0.847504
202 62 1.34525
203 62 2.1053
204 62 2.24843
205 62 0.999265
206 62 1.24175
207 62 1.01505
208 62 1.14005
209 62 1.55673
210 62 2.18516
211 62 1.93293
212 62 1.09824
213 62 0.77282
214 62 1.32194
215 62 2.79419
216 62 1.84356
217 62 1.40655
218 62 1.08718
219 62 1.17986
220 62 1.18806
221 62 1.03546
222 62 1.25119
223 62 1.68334
224 62 1.24263
225 62 0.976594
226 62 0.777538
227 62 0.819584
228 62 0.883789
229 62 0.857201
230 62 0.802018
193 62.5 0.553372
194 62.5 0.604099
195 62.5 0.927574
196 62.5 0.764939
197 62.5 0.619105
198 62.5 1.48851
199 62.5 1.47569
200 62.5 2.37621
201 62.5 1.16293
202 62.5 0.795336
203 62.5 1.02488
204 62.5 2.01816
205 62.5 1.06853
206 62.5 0.803634
207 62.5 1.49028
208 62.5 1.35927
209 62.5 1.55908
210 62.5 2.02682
211 62.5 1.6573
212 62.5 1.267
213 62.5 0.760783
214 62.5 1.2062
215 62.5 0.960879
216 62.5 1.35548
217 62.5 1.22052
218 62.5 1.34767
219 62.5 1.40522
220 62.5 1.08507
221 62.5 1.00391
222 62.5 1.60513
223 62.5 0.788474
224 62.5 0.815879
225 62.5 0.868
226 62.5 0.795938
227 62.5 0.824844
228 62.5 0.873765
229 62.5 0.869795
230 62.5 0.824043
191 63 0.488473
192 63 0.526033
193 63 0.609418
194 63 0.601356
195 63 0.646468
196 63 1.28271
197 63 0.90549
198 63 1.47836
199 63 1.38692
200 63 1.5253
201 63 1.54869
202 63 1.57413
203 63 1.32812
204 63 1.59468
205 63 2.14825
206 63 1.58311
207 63 1.21874
208 63 1.69422
209 63 2.13788
210 63 1.27098
211 63 1.20165
212 63 0.696068
213 63 0.821584
214 63 1.76333
215 63 1.19624
216 63 1.09499
217 63 1.98447
218 63 2.24697
219 63 1.14726
220 63 1.30939
221 63 1.43216
222 63 1.17142
223 63 0.756582
224 63 1.3912
225 63 1.21523
226 63 1.02881
227 63 0.828061
228 63 0.827983
229 63 0.880669
230 63 0.775762
190 63.5 0.465886
191 63.5 0.594565
192 63.5 0.698743
193 63.5 0.964705
194 63.5 1.22687
195 63.5 1.36908
196 63.5 1.9782
197 63.5 1.81724
198 63.5 1.98648
199 63.5 1.21145
200 63.5 1.06191
201 63.5 1.54679
202 63.5 1.53899
203 63.5 1.01482
204 63.5 1.02195
205 63.5 2.85965
206 63.5 1.78216
207 63.5 1.68761
208 63.5 2.16218
209 63.5 2.13425
210 63.5 1.58794
211 63.5 1.01842
212 63.5 1.5565
213 63.5 1.78029
214 63.5 1.72113
215 63.5 1.6155
216 63.5 2.04652
217 63.5 2.07723
218 63.5 1.53822
219 63.5 1.32349
220 63.5 1.55068
221 63.5 1.4218
222 63.5 1.2449
223 63.5 1.59203
224 63.5 1.71531
225 63.5 1.29601
226 63.5 0.895299
227 63.5 0.79482
228 63.5 0.818467
229 63.5 0.885927
190 64 0.547654
191 64 0.79872
192 64 1.49712
193 64 2.03446
194 64 2.40289
195 64 2.75256
196 64 3.44365
197 64 3.06308
198 64 1.85058
199 64 1.15653
200 64 0.933805
201 64 0.809704
202 64 0.796852
203 64 1.59306
204 64 1.25818
205 64 1.98888
206 64 2.09199
207 64 2.09256
208 64 2.76898
209 64 2.49624
210 64 2.93482
211 64 3.5
212 64 3.5
213 64 3.41247
214 64 2.52139
215 64 2.02302
216 64 1.86336
217 64 1.55816
218 64 1.74373
219 64 1.38597
220 64 1.34225
221 64 1.99799
222 64 2.3691
223 64 2.92079
224 64 2.15175
225 64 1.57289
226 64 0.817468
227 64 0.800926
228 64 0.848993
229 64 0.914423
189 64.5 0.407414
190 64.5 0.667292
191 64.5 0.852239
192 64.5 1.109
193 64.5 1.54727
194 64.5 1.77785
195 64.5 2.23633
196 64.5 2.43379
197 64.5 2.21909
198 64.5 1.25455
199 64.5 0.756474
200 64.5 1.37987
201 64.5 1.20686
202 64.5 1.73379
203 64.5 1.75669
204 64.5 1.37139
205 64.5 2.10829
206 64.5 1.90847
207 64.5 2.72299
208 64.5 3.22663
209 64.5 1.80129
210 64.5 2.16359
211 64.5 3.5
212 64.5 3.14898
213 64.5 3.19169
214 64.5 2.67963
215 64.5 2.13289
216 64.5 1.22431
217 64.5 1.27034
218 64.5 1.03389
219 64.5 1.12791
220 64.5 1.10701
221 64.5 1.35276
222 64.5 2.12259
223 64.5 2.16072
224 64.5 0.831979
225 64.5 0.739981
226 64.5 0.736874
227 64.5 0.800872
228 64.5 0.851152
229 64.5 0.89732
230 64.5 1
190 65 0.662757
191 65 0.948751
192 65 1.21681
193 65 1.49615
194 65 1.39427
195 65 2.06168
196 65 2.47531
197 65 1.87593
198 65 1.3839
199 65 0.898348
200 65 0.816361
201 65 0.744967
202 65 1.41209
203 65 1.50398
204 65 1.06871
205 65 0.96852
206 65 1.38131
207 65 2.64131
208 65 2.79166
209 65 2.85735
210 65 2.30874
211 65 2.92667
212 65 2.18455
213 65 2.16333
214 65 1.90464
215 65 1.09091
216 65 1.04815
217 65 0.809682
218 65 0.860071
219 65 1.29748
220 65 0.978369
221 65 0.81546
222 65 0.871027
223 65 0.959567
224 65 0.67625
225 65 0.682768
226 65 0.467713
227 65 0.563398
228 65 0.566986
192 65.5 0.965473
193 65.5 1.38482
194 65.5 1.72789
195 65.5 1.50634
196 65.5 1.45224
197 65.5 1.73794
198 65.5 1.50245
199 65.5 1.47206
200 65.5 1.29163
201 65.5 0.842274
202 65.5 1.8689
203 65.5 1.74959
204 65.5 1.58501
205 65.5 1.34108
206 65.5 1.10612
207 65.5 1.73809
208 65.5 2.60277
209 65.5 2.21742
210 65.5 2.22184
211 65.5 2.19355
212 65.5 1.86321
213 65.5 1.74784
214 65.5 1.93395
215 65.5 1.40725
216 65.5 1.33462
217 65.5 1.28366
218 65.5 1.32773
219 65.5 2.07821
220 65.5 1.61261
221 65.5 1.02843
222 65.5 1.59273
223 65.5 1.63916
224 65.5 1.07419
225 65.5 0.940464
226 65.5 0.601633
227 65.5 0.597072
228 65.5 0.565575
192 66 0.640676
193 66 1.01382
194 66 1.28966
195 66 1.71301
196 66 1.7868
197 66 1.32178
198 66 1.77117
199 66 1.53973
200 66 1.2174
201 66 1.49549
202 66 1.15717
203 66 1.13732
204 66 1.16382
205 66 0.983983
206 66 1.03584
207 66 0.873907
208 66 1.05908
209 66 1.88786
210 66 2.36059
211 66 2.78139
212 66 2.75324
213 66 1.68407
214 66 1.24939
215 66 1.27896
216 66 2.17212
217 66 2.24881
218 66 2.14636
219 66 1.9061
220 66 1.52991
221 66 0.95886
222 66 1.36268
223 66 2.42611
224 66 2.13101
225 66 1.20951
226 66 0.661327
227 66 0.694532
228 66 0.553927
193 66.5 0.79253
194 66.5 1.26981
195 66.5 1.69251
196 66.5 1.52303
197 66.5 2.25814
198 66.5 2.14944
199 66.5 1.37373
200 66.5 1.17232
201 66.5 1.35169
202 66.5 1.40668
203 66.5 1.30916
204 66.5 1.45368
205 66.5 2.33678
206 66.5 1.62837
207 66.5 0.651733
208 66.5 0.908759
209 66.5 1.49662
210 66.5 2.23004
211 66.5 2.36481
212 66.5 2.06787
213 66.5 1.9847
214 66.5 1.66462
215 66.5 2.59682
216 66.5 2.16214
217 66.5 2.12669
218 66.5 1.63147
219 66.5 1.0169
220 66.5 0.994851
221 66.5 0.685443
222 66.5 1.49448
223 66.5 2.22621
224 66.5 1.71408
225 66.5 0.972334
226 66.5 0.812057
227 66.5 0.747552
228 66.5 0.58058
229 66.5 0.50232
193 67 0.649451
194 67 0.868205
195 67 1.60532
196 67 1.99941
197 67 2.35629
198 67 2.0296
199 67 2.65904
200 67 1.98602
201 67 2.05508
202 67 1.94248
203 67 1.93201
204 67 2.96738
205 67 2.76149
206 67 2.59021
207 67 2.31125
208 67 2.34915
209 67 2.14927
210 67 2.34668
211 67 2.91431
212 67 2.25176
213 67 2.44205
214 67 2.61738
215 67 3.31792
216 67 3.20274
217 67 1.95173
218 67 1.37182
219 67 0.934405
220 67 0.89862
221 67 1.01249
222 67 0.945085
223 67 1.42326
224 67 0.842819
225 67 1.14598
226 67 1.21769
227 67 0.804573
228 67 0.615862
229 67 0.453184
230 67 0.418303
193 67.5 0.548097
194 67.5 0.786777
195 67.5 1.70494
196 67.5 1.0765
197 67.5 1.76818
198 67.5 3.33634
199 67.5 3.5
200 67.5 3.5
201 67.5 3.19294
202 67.5 2.61547
203 67.5 3.5
204 67.5 3.5
205 67.5 3.5
206 67.5 3.43944
207 67.5 2.64397
208 67.5 3.5
209 67.5 3.1158
210 67.5 2.26671
211 67.5 3.26321
212 67.5 3.1904
213 67.5 2.85308
214 67.5 2.52838
215 67.5 3.5
216 67.5 3.06079
217 67.5 2.53099
218 67.5 1.80547
219 67.5 1.2321
220 67.5 1.11669
221 67.5 0.994495
222 67.5 0.637115
223 67.5 1.09719
224 67.5 1.03676
225 67.5 0.83811
226 67.5 0.881105
227 67.5 0.938492
228 67.5 0.786225
229 67.5 0.540341
230 67.5 0.441559
231 67.5 0.38372
232 67.5 1
194 68 0.398172
195 68 0.700588
196 68 0.610625
197 68 1.07216
198 68 1.87812
199 68 3.32688
200 68 3.21508
201 68 2.6066
202 68 2.11038
203 68 1.99671
204 68 2.40301
205 68 2.10245
206 68 2.00498
207 68 1.6142
208 68 2.00616
209 68 2.25313
210 68 1.60175
211 68 2.26071
212 68 3.48643
213 68 3.5
214 68 3.5
215 68 3.35397
216 68 3.34383
217 68 1.97683
218 68 1.72721
219 68 1.70369
220 68 1.8708
221 68 1.04517
222 68 0.608289
223 68 0.895008
224 68 0.611242
225 68 0.743253
226 68 0.946854
227 68 1.25342
228 68 1.01997
229 68 0.849275
230 68 0.525695
231 68 0.392624
232 68 0.336932
233 68 0.329787
195 68.5 0.608593
196 68.5 0.555591
197 68.5 1.06601
198 68.5 1.57625
199 68.5 2.1756
200 68.5 1.61842
201 68.5 1.39405
202 68.5 1.57266
203 68.5 1.31705
204 68.5 1.1946
205 68.5 1.90948
206 68.5 1.4657
207 68.5 1.67318
208 68.5 1.76008
209 68.5 1.96734
210 68.5 1.3825
211 68.5 1.00805
212 68.5 2.68751
213 68.5 3.37046
214 68.5 2.91061
215 68.5 2.51797
216 68.5 3.069
217 68.5 2.2211
218 68.5 2.31137
219 68.5 2.08591
220 68.5 1.79197
221 68.5 0.855729
222 68.5 0.451056
223 68.5 0.491164
224 68.5 0.562999
225 68.5 0.604835
226 68.5 0.828107
227 68.5 1.20177
228 68.5 1.4816
229 68.5 1.20926
230 68.5 0.803643
231 68.5 0.509468
232 68.5 0.376062
233 68.5 0.319223
234 68.5 0.387004
235 68.5 1
197 69 1.11665
198 69 1.59699
199 69 1.47688
200 69 2.11848
201 69 1.82705
202 69 2.01439
203 69 3.23514
204 69 2.50229
205 69 3.5
206 69 3.5
207 69 2.82464
208 69 3.45428
209 69 3.5
210 69 3.10493
211 69 2.61121
212 69 1.92925
213 69 0.786867
214 69 0.628579
215 69 0.779349
216 69 1.3837
217 69 2.01116
218 69 2.50362
219 69 1.92928
220 69 0.812756
221 69 1.00562
222 69 0.43137
223 69 0.478038
224 69 0.625413
225 69 0.65509
226 69 0.897321
227 69 0.745483
228 69 0.729553
229 69 0.665206
230 69 0.663955
231 69 0.510339
232 69 0.446762
233 69 0.391578
234 69 0.317105
235 69 0.367499
197 69.5 0.93104
198 69.5 1.59191
199 69.5 1.5644
200 69.5 2.15831
201 69.5 2.60219
202 69.5 3.5
203 69.5 3.5
204 69.5 3.5
205 69.5 3.5
206 69.5 3.5
207 69.5 3.5
208 69.5 3.5
209 69.5 3.5
210 69.5 3.5
211 69.5 2.07311
212 69.5 1.57686
213 69.5 1.09907
214 69.5 0.750407
215 69.5 1.11347
216 69.5 0.845547
217 69.5 1.09688
218 69.5 1.64746
219 69.5 1.38515
220 69.5 0.941332
221 69.5 0.800147
222 69.5 0.672693
223 69.5 0.722864
224 69.5 0.664769
225 69.5 0.651
226 69.5 0.810665
227 69.5 0.876173
228 69.5 0.942048
229 69.5 0.714726
230 69.5 0.678725
231 69.5 0.699796
232 69.5 0.70012
233 69.5 0.661235
235 69.5 1
198 70 1.0419
199 70 1.52713
200 70 2.51249
201 70 2.17847
202 70 2.30851
203 70 3.33385
204 70 3.07026
205 70 2.9692
206 70 3.26534
207 70 2.38861
208 70 2.09629
209 70 1.42189
210 70 1.41283
211 70 1.18227
212 70 0.811102
213 70 0.874133
214 70 0.718361
215 70 0.577548
223 70 1.28193
224 70 1.25691
225 70 1.1358
226 70 0.894778
227 70 0.760115
228 70 0.920979
229 70 0.906376
230 70 0.657136
231 70 0.651819
200 70.5 1.15862
201 70.5 1.25519
202 70.5 1.28451
203 70.5 1.35976
204 70.5 1.72086
205 70.5 1.29898
206 70.5 1.30478
207 70.5 1.19431
208 70.5 1.21282
209 70.5 1.16533
210 70.5 1.2153
211 70.5 0.944558
212 70.5 0.646832
213 70.5 0.752919
227 70.5 0.835733
228 70.5 0.964849
229 70.5 1.07636
230 70.5 0.857646
231 70.5 0.6657
202 71 0.639717
203 71 0.885502
204 71 0.807042
205 71 1.13882
206 71 1.09451
207 71 1.45399
209 71 1
210 71 1
211 71 1
228 71 1
229 71 1.37032
230 71 1.42807
231 71 1.15554
232 71 0.704899
233 71 0.647023
234 71 1
204 71.5 0.689427
230 71.5 1.54088
231 71.5 1.34093
232 71.5 0.803573
233 71.5 0.616743
234 71.5 1
235 71.5 1
