195 54.5 0.484058
196 54.5 0.426872
230 54.5 0.619942
231 54.5 0.589323
232 54.5 0.428459
197 55 0.53998
198 55 0.47618
199 55 0.379941
200 55 0.281964
229 55 0.595861
230 55 0.479357
231 55 0.523187
232 55 0.577035
198 55.5 0.818861
199 55.5 0.436949
200 55.5 0.285185
201 55.5 0.53311
228 55.5 0.465571
229 55.5 0.402315
230 55.5 0.686829
231 55.5 0.583688
232 55.5 0.505141
199 56 0.564334
200 56 0.353765
201 56 0.300505
202 56 0.863322
203 56 0.731458
204 56 0.444065
205 56 0.442269
227 56 1.63344
228 56 0.413187
229 56 0.789757
230 56 0.686746
231 56 0.55451
199 56.5 0.358012
201 56.5 0.516603
202 56.5 0.718837
203 56.5 1.27888
204 56.5 0.523185
205 56.5 0.641462
206 56.5 0.52794
226 56.5 0.705725
227 56.5 0.829433
228 56.5 1.43984
229 56.5 0.676147
230 56.5 0.503309
231 56.5 0.489362
199 57 0.395985
202 57 0.647369
203 57 1.01643
204 57 0.76768
205 57 0.715956
206 57 0.68327
207 57 0.690583
225 57 0.773364
226 57 0.750943
227 57 0.485321
228 57 1.62893
229 57 0.264499
230 57 0.529904
191 57.5 0.383025
200 57.5 1.57295
202 57.5 0.49358
203 57.5 0.618225
204 57.5 0.952364
205 57.5 0.674965
206 57.5 0.596943
207 57.5 0.562613
208 57.5 0.682658
209 57.5 0.760358
224 57.5 0.739728
225 57.5 0.611444
226 57.5 0.732436
227 57.5 0.873207
228 57.5 0.988658
229 57.5 0.36185
230 57.5 0.592727
236 57.5 0.330172
193 58 0.309087
200 58 0.77826
201 58 0.840676
202 58 0.743871
203 58 0.572337
204 58 0.505308
205 58 0.635432
206 58 0.71168
207 58 0.492322
208 58 0.676331
209 58 0.536276
210 58 0.716058
222 58 1.22523
223 58 0.655283
224 58 0.437517
225 58 0.50797
226 58 0.74538
227 58 0.767884
228 58 1.41487
229 58 0.540913
230 58 0.433609
235 58 0.392291
236 58 0.584054
237 58 0.423975
194 58.5 0.300305
195 58.5 0.356763
200 58.5 1.14837
201 58.5 0.48801
202 58.5 0.412871
203 58.5 0.553722
204 58.5 0.634689
205 58.5 0.798498
206 58.5 0.633794
207 58.5 0.819058
208 58.5 0.474757
209 58.5 0.557373
210 58.5 0.674388
211 58.5 0.841813
212 58.5 1.39296
221 58.5 1.44421
222 58.5 1.04119
223 58.5 0.626792
224 58.5 0.687203
225 58.5 0.589615
226 58.5 1.25476
227 58.5 0.754831
228 58.5 1.28759
229 58.5 0.327584
234 58.5 1.30322
235 58.5 0.700529
196 59 0.473811
197 59 0.532088
198 59 0.551953
199 59 0.598103
200 59 0.905377
201 59 0.518572
202 59 0.378293
203 59 0.726515
204 59 0.59622
205 59 0.59362
206 59 0.583853
207 59 0.811871
208 59 0.561157
209 59 0.570263
210 59 0.790019
211 59 0.992051
212 59 0.996526
213 59 1.13865
220 59 1.11166
221 59 1.14644
222 59 0.727083
223 59 1.14509
224 59 0.794595
225 59 0.623984
226 59 0.630851
227 59 0.494409
228 59 0.784707
229 59 0.408629
230 59 0.516784
231 59 0.921274
232 59 0.326194
233 59 1.39063
234 59 0.676778
235 59 1.04723
236 59 1.42022
196 59.5 0.421307
197 59.5 0.57837
198 59.5 0.543904
199 59.5 0.539457
200 59.5 0.81412
201 59.5 0.631919
202 59.5 0.900602
203 59.5 0.961837
204 59.5 0.339185
205 59.5 0.667401
206 59.5 0.668955
207 59.5 1.57716
208 59.5 0.733578
209 59.5 0.683062
210 59.5 0.540905
211 59.5 0.708827
212 59.5 1.02992
213 59.5 1.0113
214 59.5 0.856962
215 59.5 0.776869
216 59.5 1.14486
217 59.5 0.715116
218 59.5 0.854167
219 59.5 0.940102
220 59.5 1.16291
221 59.5 1.05695
222 59.5 0.684455
223 59.5 1.0293
224 59.5 0.54817
225 59.5 0.436397
226 59.5 0.670637
227 59.5 1.174
228 59.5 0.739876
229 59.5 2.72794
230 59.5 0.584759
231 59.5 0.443465
197 60 0.480243
198 60 0.396869
199 60 0.401156
200 60 0.517534
201 60 0.451794
202 60 0.505031
203 60 0.525672
204 60 0.671505
205 60 0.720374
206 60 0.604003
207 60 0.435701
208 60 1.17954
209 60 0.737659
210 60 0.963791
211 60 0.872347
212 60 1.43682
213 60 2.0631
214 60 1.12241
215 60 1.30149
216 60 1.16072
217 60 0.950035
218 60 0.984205
219 60 0.806792
220 60 0.674445
221 60 0.634861
222 60 0.56882
223 60 0.867404
224 60 0.480549
225 60 0.768482
226 60 0.72774
227 60 0.392806
228 60 0.255913
229 60 0.332525
230 60 0.350592
194 60.5 0.292338
195 60.5 0.431278
196 60.5 0.6772
197 60.5 0.697142
198 60.5 0.756679
199 60.5 0.814376
200 60.5 0.364673
201 60.5 0.402516
202 60.5 0.606384
203 60.5 0.767227
204 60.5 0.678299
205 60.5 0.630179
206 60.5 0.564639
207 60.5 0.776468
208 60.5 0.777983
209 60.5 1.39896
210 60.5 1.11714
211 60.5 0.991446
212 60.5 1.63343
213 60.5 1.50625
214 60.5 1.4171
215 60.5 0.750468
216 60.5 0.848417
217 60.5 0.699047
218 60.5 1.1329
219 60.5 0.859892
220 60.5 0.932495
221 60.5 0.895955
222 60.5 0.916149
223 60.5 0.619186
224 60.5 0.680229
225 60.5 0.485577
226 60.5 0.447962
227 60.5 0.233996
228 60.5 0.280634
229 60.5 0.348197
195 61 0.341346
196 61 1.20329
197 61 0.828644
198 61 0.898059
199 61 0.721195
200 61 0.563123
201 61 0.531133
202 61 0.652002
203 61 0.743263
204 61 0.694286
205 61 0.611006
206 61 0.805708
207 61 0.840447
208 61 0.904406
209 61 1.15515
210 61 1.35019
211 61 1.65461
212 61 0.948519
213 61 1.14029
214 61 0.731631
215 61 1.08013
216 61 1.47513
217 61 1.58574
218 61 1.03171
219 61 0.563921
220 61 0.538136
221 61 0.665137
222 61 0.522148
223 61 0.52352
224 61 0.449775
225 61 0.60804
226 61 0.999154
227 61 0.21457
228 61 0.319835
229 61 0.385134
195 61.5 0.29453
196 61.5 0.968672
197 61.5 0.71093
198 61.5 0.701702
199 61.5 0.91585
200 61.5 0.560157
201 61.5 0.625065
202 61.5 0.800848
203 61.5 0.984186
204 61.5 0.920511
205 61.5 0.603247
206 61.5 0.81923
207 61.5 0.886531
208 61.5 0.733729
209 61.5 0.859913
210 61.5 1.02677
211 61.5 1.09336
212 61.5 0.744533
213 61.5 0.88103
214 61.5 1.06127
215 61.5 1.35115
216 61.5 1.19915
217 61.5 0.876463
218 61.5 0.781152
219 61.5 0.958392
220 61.5 0.76034
221 61.5 0.952384
222 61.5 0.571711
223 61.5 0.633745
224 61.5 0.559416
225 61.5 0.447062
226 61.5 0.379174
227 61.5 0.307266
228 61.5 0.339282
229 61.5 0.421625
195 62 0.185446
196 62 0.410674
197 62 0.572295
198 62 0.328892
199 62 0.523244
200 62 1.08448
201 62 0.622186
202 62 0.597927
203 62 0.930774
204 62 0.717333
205 62 0.736507
206 62 0.685197
207 62 0.660911
208 62 0.783039
209 62 0.636262
210 62 0.69366
211 62 0.988512
212 62 1.2114
213 62 0.556863
214 62 0.87224
215 62 1.46427
216 62 0.935739
217 62 0.760295
218 62 0.66683
219 62 1.00086
220 62 0.900619
221 62 0.564689
222 62 0.809771
223 62 1.16773
224 62 0.726987
225 62 0.619764
226 62 0.300577
227 62 0.351912
228 62 0.419284
229 62 0.476413
230 62 0.486973
195 62.5 0.345007
196 62.5 0.364883
197 62.5 0.500076
198 62.5 0.379435
199 62.5 0.564556
200 62.5 0.926866
201 62.5 0.764678
202 62.5 0.787498
203 62.5 0.517713
204 62.5 0.641453
205 62.5 0.719432
206 62.5 0.62154
207 62.5 0.838842
208 62.5 0.722212
209 62.5 0.815368
210 62.5 0.680119
211 62.5 0.633789
212 62.5 0.725306
213 62.5 0.644071
214 62.5 1.18299
215 62.5 0.828904
216 62.5 0.983747
217 62.5 0.80055
218 62.5 0.918688
219 62.5 0.840282
220 62.5 0.700308
221 62.5 0.510557
222 62.5 0.795933
223 62.5 0.624613
224 62.5 0.313443
225 62.5 0.22984
226 62.5 0.278307
227 62.5 0.349176
228 62.5 0.428092
229 62.5 0.439035
230 62.5 0.442696
192 63 0.330451
193 63 0.230148
194 63 0.247378
195 63 0.270973
196 63 0.431873
197 63 0.676822
198 63 0.461864
199 63 0.452388
200 63 0.440374
201 63 0.460276
202 63 0.426458
203 63 0.530096
204 63 0.534448
205 63 0.571749
206 63 0.642279
207 63 0.77824
208 63 0.479557
209 63 0.681524
210 63 0.58771
211 63 0.751084
212 63 0.532792
213 63 0.801844
214 63 1.39119
215 63 1.10494
216 63 0.966548
217 63 0.95326
218 63 0.643272
219 63 0.345333
220 63 0.684941
221 63 0.622615
222 63 0.679878
223 63 0.640757
224 63 0.323939
225 63 0.310436
226 63 0.355896
227 63 0.31223
228 63 0.299436
229 63 0.326078
191 63.5 0.308818
192 63.5 0.421732
193 63.5 0.34781
194 63.5 0.327748
195 63.5 0.321716
196 63.5 1.62236
197 63.5 1.57549
198 63.5 1.13079
199 63.5 0.611502
200 63.5 0.638393
201 63.5 0.64136
202 63.5 0.463154
203 63.5 0.610715
204 63.5 0.77487
205 63.5 1.13163
206 63.5 0.881257
207 63.5 0.818779
208 63.5 0.704162
209 63.5 0.496386
210 63.5 0.615449
211 63.5 0.688588
212 63.5 0.709726
213 63.5 0.772884
214 63.5 0.71824
215 63.5 0.878849
216 63.5 1.17459
217 63.5 1.00843
218 63.5 0.694115
219 63.5 0.608715
220 63.5 0.508179
221 63.5 0.428349
222 63.5 0.514173
223 63.5 0.557599
224 63.5 0.384483
225 63.5 0.354171
226 63.5 0.287072
227 63.5 0.212056
228 63.5 0.206549
229 63.5 0.245353
190 64 0.246272
191 64 0.449265
192 64 0.59606
193 64 0.816392
194 64 0.395759
195 64 0.31519
196 64 0.855078
197 64 0.824987
198 64 0.657514
199 64 0.79364
200 64 0.89888
201 64 0.899144
202 64 0.48755
203 64 0.581041
204 64 0.543631
205 64 0.651881
206 64 3.57425
207 64 0.691842
208 64 0.626359
209 64 0.500924
210 64 0.657344
211 64 0.549161
212 64 0.447379
213 64 0.946818
214 64 0.575625
215 64 0.655922
216 64 1.03648
217 64 0.557065
218 64 0.788683
219 64 0.937613
220 64 0.862503
221 64 0.588094
222 64 0.34125
223 64 0.639545
224 64 0.545128
225 64 0.663859
226 64 0.203605
227 64 0.229656
228 64 0.269799
193 64.5 0.537986
194 64.5 0.315201
195 64.5 0.241239
196 64.5 0.204206
197 64.5 1.04691
198 64.5 1.03809
199 64.5 0.616984
200 64.5 1.10565
201 64.5 0.922797
202 64.5 0.872009
203 64.5 0.626176
204 64.5 0.497756
205 64.5 0.73041
206 64.5 1.0154
207 64.5 0.537281
208 64.5 0.658262
209 64.5 0.600764
210 64.5 0.704434
211 64.5 0.612548
212 64.5 0.521279
213 64.5 0.777925
214 64.5 0.544562
215 64.5 0.606329
216 64.5 0.39693
217 64.5 0.488453
218 64.5 0.465252
219 64.5 0.621437
220 64.5 0.652834
221 64.5 0.497371
222 64.5 0.572003
223 64.5 0.413686
224 64.5 0.270968
225 64.5 0.312263
226 64.5 0.29753
227 64.5 0.368302
228 64.5 0.324697
193 65 0.370067
194 65 0.201722
195 65 0.3056
196 65 0.54666
197 65 0.552627
198 65 0.812592
199 65 0.640127
200 65 0.652101
201 65 0.542876
202 65 0.579632
203 65 0.589846
204 65 0.539515
205 65 0.74064
206 65 0.701792
207 65 0.675809
208 65 0.848517
209 65 0.742382
210 65 0.66083
211 65 0.523349
212 65 0.715276
213 65 0.932143
214 65 0.681611
215 65 0.565544
216 65 0.654841
217 65 0.686856
218 65 0.450274
219 65 0.552995
220 65 0.352125
221 65 0.581013
222 65 0.478377
223 65 0.492727
224 65 0.500609
225 65 0.446679
226 65 0.416496
227 65 0.340444
228 65 0.298564
192 65.5 0.223429
193 65.5 0.280797
194 65.5 0.201664
195 65.5 0.228595
196 65.5 0.512284
197 65.5 0.645034
198 65.5 0.658246
199 65.5 0.865085
200 65.5 0.669072
201 65.5 0.794315
202 65.5 1.05978
203 65.5 1.08563
204 65.5 0.821623
205 65.5 0.688907
206 65.5 0.888923
207 65.5 0.543274
208 65.5 0.480156
209 65.5 0.575172
210 65.5 0.485604
211 65.5 0.613216
212 65.5 0.753452
213 65.5 0.829283
214 65.5 1.10451
215 65.5 0.631657
216 65.5 0.484254
217 65.5 0.571702
218 65.5 0.578503
219 65.5 0.689001
220 65.5 0.672331
221 65.5 0.446033
222 65.5 0.468973
223 65.5 0.379969
224 65.5 0.376939
225 65.5 0.412922
226 65.5 0.377197
227 65.5 0.288362
228 65.5 0.281569
231 65.5 0.257442
195 66 0.235646
196 66 0.289884
197 66 0.301927
198 66 0.803782
199 66 0.862778
200 66 0.998569
201 66 0.735837
202 66 0.582147
203 66 0.669716
204 66 0.661305
205 66 0.928804
206 66 0.953955
207 66 1.0414
208 66 0.654892
209 66 0.515324
210 66 0.487514
211 66 0.464454
212 66 0.582722
213 66 0.897639
214 66 1.02403
215 66 0.658261
216 66 0.495041
217 66 0.617215
218 66 0.535321
219 66 0.50078
220 66 0.497411
221 66 0.507706
222 66 0.424377
223 66 1.04143
224 66 1.05697
225 66 0.574546
226 66 0.342684
227 66 0.2993
228 66 0.284644
229 66 0.328258
230 66 0.31448
195 66.5 0.451928
196 66.5 0.665084
197 66.5 1.1186
198 66.5 1.29533
199 66.5 1.12621
200 66.5 1.05587
201 66.5 0.91086
202 66.5 0.613318
203 66.5 0.45432
204 66.5 0.754572
205 66.5 0.974051
206 66.5 0.793622
207 66.5 1.03271
208 66.5 0.690937
209 66.5 0.736134
210 66.5 0.615117
211 66.5 0.41957
212 66.5 0.912791
213 66.5 1.04275
214 66.5 0.705906
215 66.5 0.858673
216 66.5 0.703167
217 66.5 0.552193
218 66.5 0.50821
219 66.5 0.732645
220 66.5 0.823647
221 66.5 0.491907
222 66.5 0.569544
223 66.5 0.547673
224 66.5 0.500259
225 66.5 0.689956
226 66.5 0.317094
227 66.5 0.252875
228 66.5 0.239781
229 66.5 0.338137
230 66.5 0.439784
195 67 0.524665
196 67 1.83384
197 67 1.18917
198 67 1.17859
199 67 0.570376
200 67 0.769217
201 67 0.602132
202 67 0.471604
203 67 0.611923
204 67 0.544528
205 67 0.434195
206 67 0.425566
207 67 0.627096
208 67 0.827468
209 67 0.531782
210 67 0.408778
211 67 0.42896
212 67 0.813318
213 67 1.10193
214 67 0.716279
215 67 0.76737
216 67 0.865637
217 67 0.763558
218 67 0.596867
219 67 0.464487
220 67 0.590972
221 67 0.65599
222 67 0.789499
223 67 0.39993
224 67 1.28511
225 67 0.508532
226 67 0.324311
227 67 0.243154
228 67 0.232795
229 67 0.282772
230 67 0.329759
196 67.5 0.956984
197 67.5 1.04919
198 67.5 0.554942
199 67.5 0.546445
200 67.5 0.498035
201 67.5 0.855328
202 67.5 0.642525
203 67.5 0.748755
204 67.5 0.385441
205 67.5 0.659072
206 67.5 0.663058
207 67.5 0.536226
208 67.5 0.632967
209 67.5 0.754532
210 67.5 0.532957
211 67.5 0.742613
212 67.5 0.77513
213 67.5 0.549311
214 67.5 0.41871
215 67.5 0.425925
216 67.5 0.777245
217 67.5 0.795867
218 67.5 0.648492
219 67.5 0.493332
220 67.5 0.777438
221 67.5 0.814107
222 67.5 0.629785
223 67.5 0.441172
224 67.5 0.593678
225 67.5 0.444567
226 67.5 0.299199
227 67.5 0.33566
228 67.5 0.351457
229 67.5 0.323597
230 67.5 0.328515
195 68 0.357401
196 68 0.462292
197 68 0.592805
198 68 0.576619
199 68 0.530314
200 68 0.617724
201 68 0.691956
202 68 0.868239
203 68 0.919556
204 68 0.695839
205 68 0.627531
206 68 0.683911
207 68 0.471225
208 68 0.620325
209 68 0.524216
210 68 0.658694
211 68 1.08737
212 68 0.694918
213 68 0.580964
214 68 0.76953
215 68 0.601328
216 68 0.656274
217 68 0.747662
218 68 0.682689
219 68 0.491905
220 68 0.444855
221 68 0.719617
222 68 0.493941
223 68 0.454689
224 68 0.458026
225 68 0.402347
226 68 0.342282
227 68 0.451573
228 68 0.443568
229 68 0.481857
230 68 0.362072
231 68 0.285243
232 68 0.245873
233 68 0.241824
195 68.5 0.374028
196 68.5 0.448163
197 68.5 0.582308
198 68.5 0.544729
199 68.5 0.70495
200 68.5 0.778573
201 68.5 1.14384
202 68.5 0.98719
203 68.5 0.665275
204 68.5 0.520597
205 68.5 0.995131
206 68.5 1.03623
207 68.5 0.605898
208 68.5 0.596581
209 68.5 0.579401
210 68.5 1.36963
211 68.5 1.08151
212 68.5 0.876142
213 68.5 0.610823
214 68.5 0.947689
215 68.5 0.439336
216 68.5 0.566062
217 68.5 0.669732
218 68.5 0.981687
219 68.5 0.816758
220 68.5 0.63692
221 68.5 0.567768
222 68.5 0.427715
223 68.5 0.413445
224 68.5 0.359
225 68.5 0.374259
226 68.5 0.286063
227 68.5 0.405532
228 68.5 0.548811
229 68.5 0.582945
230 68.5 0.462817
231 68.5 0.336029
232 68.5 0.217161
233 68.5 0.194708
234 68.5 0.206819
235 68.5 0.214564
197 69 0.542975
198 69 0.713531
199 69 0.827632
200 69 0.973717
201 69 1.29416
202 69 1.56035
203 69 1.63901
204 69 0.972716
205 69 1.03316
206 69 0.986677
207 69 0.883109
208 69 0.762201
209 69 1.02738
210 69 0.907091
211 69 1.0366
212 69 0.768515
213 69 0.645807
214 69 0.480734
215 69 0.572971
216 69 0.777958
217 69 0.634075
218 69 0.586976
219 69 0.444973
220 69 0.590495
221 69 0.741308
222 69 0.679884
223 69 0.575894
224 69 0.592097
225 69 0.446669
226 69 0.469871
227 69 0.378678
228 69 0.398775
229 69 0.457812
230 69 0.541393
231 69 0.408335
232 69 0.29535
233 69 0.227163
199 69.5 0.584329
200 69.5 1.37563
201 69.5 1.43253
202 69.5 1.11725
203 69.5 1.06801
204 69.5 0.834741
205 69.5 1.37264
206 69.5 1.11335
207 69.5 1.50492
208 69.5 1.34328
209 69.5 1.07488
210 69.5 1.15715
211 69.5 0.846176
212 69.5 0.627995
213 69.5 0.65315
214 69.5 0.46207
215 69.5 0.528934
216 69.5 0.433345
217 69.5 0.370614
218 69.5 0.428785
219 69.5 0.499369
220 69.5 0.607721
221 69.5 0.518411
222 69.5 0.536379
223 69.5 0.627849
224 69.5 0.570077
225 69.5 0.494454
226 69.5 0.445814
227 69.5 0.46159
228 69.5 0.445878
229 69.5 0.472141
230 69.5 0.493674
231 69.5 0.452453
232 69.5 0.398832
200 70 0.629223
201 70 0.400396
202 70 0.676665
203 70 0.549884
204 70 0.412356
205 70 0.832103
206 70 1.15185
207 70 0.630617
208 70 0.401786
209 70 0.303537
210 70 0.387412
211 70 0.396695
212 70 0.453617
213 70 0.561338
214 70 0.492377
215 70 0.546272
228 70 0.509459
229 70 0.554752
230 70 0.520146
231 70 0.434429
202 70.5 0.455498
203 70.5 0.513793
204 70.5 0.776587
205 70.5 0.37178
206 70.5 0.387983
207 70.5 0.314589
229 70.5 0.386384
230 70.5 0.385118
231 70.5 0.356044
203 71 0.515412
204 71 0.45414
