194 54.5 1.38328
195 54.5 0.740686
228 54.5 1
229 54.5 1
230 54.5 0.825856
194 55 1.01002
195 55 0.789184
196 55 0.878783
197 55 1.02769
200 55 0.875247
228 55 1
229 55 0.849506
230 55 0.698383
193 55.5 1
194 55.5 0.987581
195 55.5 0.789783
196 55.5 0.742372
197 55.5 1.50076
198 55.5 1.30531
200 55.5 0.64879
201 55.5 0.567037
228 55.5 0.581659
229 55.5 0.59724
194 56 1.28948
195 56 0.94642
196 56 0.700577
197 56 0.691266
198 56 1.41295
199 56 0.952159
200 56 0.576559
201 56 0.770004
202 56 0.923977
227 56 0.599108
228 56 0.579768
229 56 0.688596
230 56 0.79227
194 56.5 0.878537
195 56.5 0.985839
196 56.5 0.868952
197 56.5 0.806071
198 56.5 1.46472
199 56.5 0.891227
200 56.5 0.815364
201 56.5 0.743369
202 56.5 1.5329
203 56.5 0.850801
226 56.5 0.966046
227 56.5 0.611453
228 56.5 1.05048
229 56.5 0.835556
230 56.5 0.591941
190 57 1
193 57 0.444753
194 57 0.611732
195 57 0.848916
196 57 1.12415
197 57 1.39067
198 57 1.36067
199 57 1.23354
200 57 1.57562
201 57 0.90329
202 57 1.4974
203 57 1.39873
204 57 0.849517
205 57 0.903146
225 57 1.15367
226 57 1.07736
227 57 0.671429
228 57 1.09592
229 57 0.572767
230 57 0.57819
190 57.5 0.392931
191 57.5 0.55521
192 57.5 0.497633
193 57.5 0.661168
194 57.5 0.624383
195 57.5 0.912846
196 57.5 1.09124
197 57.5 0.908661
198 57.5 1.02995
199 57.5 0.976611
200 57.5 1.236
201 57.5 0.816402
202 57.5 1.09039
203 57.5 1.14843
204 57.5 1.02359
205 57.5 0.907229
222 57.5 1
223 57.5 1
224 57.5 0.883839
225 57.5 0.968913
226 57.5 0.536027
227 57.5 0.962049
228 57.5 0.893702
229 57.5 0.527984
230 57.5 0.518346
190 58 1
191 58 0.366986
192 58 0.432675
193 58 0.642216
194 58 0.776072
195 58 0.788235
196 58 0.869209
197 58 0.904261
198 58 0.882708
199 58 0.889286
200 58 0.909884
201 58 0.880413
202 58 0.940683
203 58 0.735241
204 58 0.570399
205 58 0.783141
206 58 0.72727
207 58 0.980356
208 58 1.19462
221 58 2
222 58 1.49245
223 58 0.856329
224 58 0.77335
225 58 0.709706
226 58 0.845794
227 58 0.800262
228 58 0.5153
229 58 0.491145
230 58 0.377028
190 58.5 1
191 58.5 0.256767
192 58.5 0.522856
193 58.5 0.681187
194 58.5 0.820894
195 58.5 0.791036
196 58.5 0.778391
197 58.5 0.822312
198 58.5 0.646902
199 58.5 0.888444
200 58.5 1.10097
201 58.5 0.666274
202 58.5 0.469133
203 58.5 0.589958
204 58.5 0.629171
205 58.5 0.586607
206 58.5 0.741174
207 58.5 1.29102
208 58.5 1.01553
209 58.5 0.949477
219 58.5 2
220 58.5 1.63719
221 58.5 1.60676
222 58.5 1.47802
223 58.5 1.11667
224 58.5 0.991484
225 58.5 0.710804
226 58.5 1.33393
227 58.5 0.907494
228 58.5 0.797591
229 58.5 0.41328
190 59 1
191 59 1
192 59 0.53485
193 59 0.742047
194 59 0.883808
195 59 0.85733
196 59 0.697684
197 59 0.753036
198 59 0.680699
199 59 0.673068
200 59 0.844605
201 59 0.585304
202 59 0.48641
203 59 0.690113
204 59 0.642614
205 59 0.691182
206 59 1.47528
207 59 0.67681
208 59 0.96151
209 59 0.86936
210 59 1.17889
211 59 1.40635
212 59 1.30735
218 59 1.69943
219 59 1.19504
220 59 1.53304
221 59 1.82499
222 59 1.65367
223 59 1.5356
224 59 1.09608
225 59 0.857271
226 59 1.0752
227 59 0.592152
228 59 0.759454
229 59 0.335681
235 59 1
236 59 1
191 59.5 1
192 59.5 0.473818
193 59.5 0.815739
194 59.5 0.729382
195 59.5 0.829804
196 59.5 0.645145
197 59.5 0.773326
198 59.5 0.929184
199 59.5 0.717626
200 59.5 0.866918
201 59.5 0.667494
202 59.5 1.29504
203 59.5 0.939342
204 59.5 0.791762
205 59.5 0.720626
206 59.5 0.662401
207 59.5 1.15032
208 59.5 1.25848
209 59.5 1.00686
210 59.5 1.20372
211 59.5 0.928593
212 59.5 1.05798
213 59.5 0.879783
214 59.5 0.915858
215 59.5 1.56488
216 59.5 1.81735
217 59.5 1.09331
218 59.5 1.31156
219 59.5 1.88561
220 59.5 1.96835
221 59.5 1.53632
222 59.5 1.15097
223 59.5 1.36172
224 59.5 0.805429
225 59.5 0.610177
226 59.5 0.72584
227 59.5 0.781547
228 59.5 0.466764
229 59.5 0.606244
230 59.5 0.603951
235 59.5 1
191 60 1
192 60 0.466897
193 60 0.766682
194 60 0.666879
195 60 0.771588
196 60 0.786897
197 60 0.751034
198 60 0.634937
199 60 0.807801
200 60 0.560523
201 60 0.808619
202 60 0.8447
203 60 1.43746
204 60 0.898751
205 60 0.568154
206 60 0.752
207 60 1.2105
208 60 1.57216
209 60 1.55717
210 60 0.730322
211 60 0.891519
212 60 1.31758
213 60 1.87698
214 60 1.42263
215 60 1.41912
216 60 1.44733
217 60 1.6859
218 60 0.83345
219 60 1.89893
220 60 1.18075
221 60 0.871448
222 60 0.988985
223 60 1.02178
224 60 0.711116
225 60 0.960724
226 60 0.734327
227 60 0.427105
228 60 0.377687
229 60 0.445783
230 60 0.486861
192 60.5 1
193 60.5 0.530969
194 60.5 0.565127
195 60.5 0.794269
196 60.5 1.2629
197 60.5 0.986765
198 60.5 0.729005
199 60.5 0.922222
200 60.5 0.761559
201 60.5 0.660609
202 60.5 0.853113
203 60.5 1.23231
204 60.5 0.758529
205 60.5 1.02846
206 60.5 0.855842
207 60.5 1.5207
208 60.5 1.13327
209 60.5 1.87097
210 60.5 2.25979
211 60.5 1.04654
212 60.5 1.12861
213 60.5 0.646305
214 60.5 1.08289
215 60.5 1.34377
216 60.5 0.845819
217 60.5 1.63389
218 60.5 0.947782
219 60.5 1.30526
220 60.5 0.807168
221 60.5 0.701607
222 60.5 0.891297
223 60.5 0.654676
224 60.5 0.844695
225 60.5 0.441875
226 60.5 0.741503
227 60.5 0.481934
228 60.5 0.421833
229 60.5 0.350452
230 60.5 0.311033
231 60.5 0.306461
192 61 1
193 61 0.21717
194 61 0.328677
195 61 0.423379
196 61 1.14831
197 61 0.735931
198 61 0.955055
199 61 1.05985
200 61 0.958565
201 61 1.26316
202 61 0.846625
203 61 0.951852
204 61 0.752212
205 61 0.784662
206 61 0.998944
207 61 1.21673
208 61 1.43611
209 61 1.82081
210 61 2.29356
211 61 2.75836
212 61 1.00796
213 61 1.3941
214 61 0.499808
215 61 0.832491
216 61 0.498865
217 61 1.228
218 61 0.78122
219 61 0.66558
220 61 0.687563
221 61 0.54987
222 61 0.59612
223 61 0.499223
224 61 0.405362
225 61 0.659852
226 61 0.972189
227 61 0.532092
228 61 0.504863
229 61 0.435007
230 61 0.360164
192 61.5 1
193 61.5 0.26729
194 61.5 0.27381
195 61.5 0.375395
196 61.5 0.862586
197 61.5 1.06631
198 61.5 0.917364
199 61.5 1.21946
200 61.5 0.926755
201 61.5 1.08566
202 61.5 0.874463
203 61.5 1.61667
204 61.5 1.25745
205 61.5 0.770485
206 61.5 1.14485
207 61.5 0.873383
208 61.5 0.936175
209 61.5 0.944328
210 61.5 2.35564
211 61.5 1.11303
212 61.5 1.36394
213 61.5 1.92707
214 61.5 0.629928
215 61.5 1.2315
216 61.5 1.0479
217 61.5 0.840507
218 61.5 0.84036
219 61.5 0.866525
220 61.5 0.807354
221 61.5 0.900977
222 61.5 0.667999
223 61.5 0.703049
224 61.5 0.596303
225 61.5 0.606724
226 61.5 0.42598
227 61.5 0.389013
228 61.5 0.40899
229 61.5 0.506304
230 61.5 0.539607
231 61.5 0.556741
192 62 1
193 62 0.337394
194 62 0.511751
195 62 0.682088
196 62 0.908649
197 62 0.707261
198 62 0.948487
199 62 0.943873
200 62 0.894973
201 62 0.99086
202 62 1.39933
203 62 1.8298
204 62 1.58315
205 62 1.03098
206 62 1.02042
207 62 0.548787
208 62 0.714537
209 62 0.874325
210 62 1.00132
211 62 0.82882
212 62 1.10379
213 62 0.849466
214 62 1.37815
215 62 2.87356
216 62 1.74636
217 62 1.21946
218 62 1.03938
219 62 1.2631
220 62 1.3172
221 62 0.713094
222 62 0.660048
223 62 1.29021
224 62 0.841825
225 62 0.735977
226 62 0.292976
227 62 0.328603
228 62 0.493442
229 62 0.563476
230 62 0.585418
193 62.5 0.408046
194 62.5 0.537401
195 62.5 0.88602
196 62.5 0.805308
197 62.5 0.540272
198 62.5 0.653123
199 62.5 0.787624
200 62.5 1.74745
201 62.5 0.918654
202 62.5 0.859747
203 62.5 1.05299
204 62.5 1.61312
205 62.5 0.959441
206 62.5 0.707896
207 62.5 0.797969
208 62.5 1.08465
209 62.5 1.4646
210 62.5 1.15898
211 62.5 0.829592
212 62.5 0.974418
213 62.5 0.747153
214 62.5 1.27522
215 62.5 0.966402
216 62.5 0.888527
217 62.5 0.820539
218 62.5 1.26992
219 62.5 1.38397
220 62.5 1.01879
221 62.5 0.688178
222 62.5 0.79517
223 62.5 0.684971
224 62.5 0.387068
225 62.5 0.415402
226 62.5 0.307492
227 62.5 0.342408
228 62.5 0.492419
229 62.5 0.52703
230 62.5 0.505795
191 63 0.152038
192 63 0.254729
193 63 0.352916
194 63 0.421958
195 63 0.521804
196 63 0.932775
197 63 0.67982
198 63 0.749425
199 63 0.875728
200 63 1.4431
201 63 0.808968
202 63 0.624245
203 63 1.45351
204 63 1.52417
205 63 1.12721
206 63 0.666858
207 63 0.646526
208 63 0.801769
209 63 1.05165
210 63 1.01444
211 63 0.634759
212 63 0.639284
213 63 0.640626
214 63 1.771
215 63 1.03261
216 63 0.761479
217 63 1.04706
218 63 0.886773
219 63 0.622473
220 63 0.893903
221 63 0.670275
222 63 0.789733
223 63 0.613752
224 63 0.490898
225 63 0.352421
226 63 0.320696
227 63 0.34888
228 63 0.392976
229 63 0.417169
230 63 0.312451
190 63.5 0.130216
191 63.5 0.198593
192 63.5 0.30801
193 63.5 0.401902
194 63.5 0.461729
195 63.5 0.471055
196 63.5 1.46474
197 63.5 1.27057
198 63.5 1.10429
199 63.5 1.21255
200 63.5 1.22164
201 63.5 0.782689
202 63.5 0.43108
203 63.5 0.783291
204 63.5 1.07643
205 63.5 1.29848
206 63.5 1.54617
207 63.5 1.00859
208 63.5 0.998709
209 63.5 0.623671
210 63.5 0.817155
211 63.5 0.870982
212 63.5 0.989542
213 63.5 0.859787
214 63.5 0.945489
215 63.5 0.857838
216 63.5 1.16842
217 63.5 1.13945
218 63.5 0.720447
219 63.5 0.916183
220 63.5 0.8057
221 63.5 0.770965
222 63.5 0.744892
223 63.5 0.707799
224 63.5 0.271396
225 63.5 0.248872
226 63.5 0.232556
227 63.5 0.24292
228 63.5 0.28953
229 63.5 0.265831
190 64 0.213882
191 64 0.361218
192 64 0.546745
193 64 1.08398
194 64 0.610411
195 64 0.566906
196 64 0.817005
197 64 0.675802
198 64 0.933379
199 64 1.08868
200 64 0.939787
201 64 0.817038
202 64 0.658498
203 64 0.845271
204 64 0.975758
205 64 1.02335
206 64 1.18373
207 64 1.04275
208 64 0.570014
209 64 0.833005
210 64 0.579403
211 64 0.619743
212 64 0.66823
213 64 0.763791
214 64 0.621881
215 64 0.604629
216 64 1.06381
217 64 0.661087
218 64 1.06684
219 64 1.2193
220 64 0.889496
221 64 0.648
222 64 0.638943
223 64 0.881694
224 64 0.863653
225 64 0.634648
226 64 0.185
227 64 0.20916
228 64 0.249032
229 64 0.227769
189 64.5 0.0897516
190 64.5 0.227662
191 64.5 0.322672
192 64.5 0.403005
193 64.5 1.05592
194 64.5 0.379753
195 64.5 0.31525
196 64.5 0.360953
197 64.5 0.994236
198 64.5 0.957496
199 64.5 0.818499
200 64.5 1.30378
201 64.5 1.08375
202 64.5 1.35916
203 64.5 0.888252
204 64.5 0.887794
205 64.5 0.901898
206 64.5 1.04094
207 64.5 0.677296
208 64.5 0.750803
209 64.5 0.752447
210 64.5 0.770562
211 64.5 0.941121
212 64.5 0.919644
213 64.5 0.634358
214 64.5 0.805517
215 64.5 0.580019
216 64.5 0.512208
217 64.5 0.58385
218 64.5 0.578962
219 64.5 0.977689
220 64.5 0.965801
221 64.5 0.719951
222 64.5 0.970525
223 64.5 0.6062
224 64.5 0.343297
225 64.5 0.329356
226 64.5 0.263586
227 64.5 0.298824
228 64.5 0.277406
229 64.5 0.290402
230 64.5 1
190 65 0.128635
191 65 0.234582
192 65 0.33134
193 65 0.708823
194 65 0.4091
195 65 0.479535
196 65 0.612576
197 65 0.571234
198 65 0.8164
199 65 0.904144
200 65 0.827039
201 65 0.552849
202 65 1.26617
203 65 1.62758
204 65 1.10912
205 65 1.04727
206 65 0.958557
207 65 1.07578
208 65 1.23218
209 65 0.93888
210 65 0.541693
211 65 1.0213
212 65 0.828268
213 65 0.728188
214 65 0.709148
215 65 0.688288
216 65 0.702565
217 65 0.754846
218 65 0.710179
219 65 0.687633
220 65 0.531807
221 65 0.829119
222 65 0.8748
223 65 0.619473
224 65 0.453474
225 65 0.443309
226 65 0.377301
227 65 0.330092
228 65 0.288965
192 65.5 0.201289
193 65.5 0.305151
194 65.5 0.498239
195 65.5 0.343329
196 65.5 0.845623
197 65.5 0.995812
198 65.5 1.14673
199 65.5 1.42744
200 65.5 1.34827
201 65.5 0.946225
202 65.5 2.09837
203 65.5 1.73762
204 65.5 1.62017
205 65.5 1.39595
206 65.5 1.04323
207 65.5 1.01222
208 65.5 0.925303
209 65.5 0.885549
210 65.5 0.874897
211 65.5 1.45675
212 65.5 0.853633
213 65.5 0.680093
214 65.5 1.0055
215 65.5 0.740369
216 65.5 0.620103
217 65.5 0.998625
218 65.5 0.698892
219 65.5 0.659676
220 65.5 0.673688
221 65.5 0.897987
222 65.5 0.905912
223 65.5 0.619136
224 65.5 0.529388
225 65.5 0.366443
226 65.5 0.428891
227 65.5 0.356387
228 65.5 0.349705
192 66 0.115201
193 66 0.148177
194 66 0.314339
195 66 0.305782
196 66 0.350274
197 66 0.302434
198 66 0.973785
199 66 1.61569
200 66 1.23974
201 66 1.44208
202 66 1.12058
203 66 1.17374
204 66 1.12123
205 66 1.07805
206 66 1.07363
207 66 1.01201
208 66 1.11112
209 66 0.827018
210 66 0.888294
211 66 1.2838
212 66 1.05594
213 66 0.829503
214 66 0.991991
215 66 0.739386
216 66 0.789477
217 66 1.0559
218 66 1.20117
219 66 0.958487
220 66 0.645977
221 66 0.839624
222 66 0.434235
223 66 1.0096
224 66 0.982183
225 66 0.846088
226 66 0.364619
227 66 0.412246
228 66 0.400794
193 66.5 0.122619
194 66.5 0.164512
195 66.5 0.629171
196 66.5 0.657949
197 66.5 1.07362
198 66.5 0.86425
199 66.5 1.02278
200 66.5 1.17009
201 66.5 1.13471
202 66.5 1.20757
203 66.5 0.921131
204 66.5 1.09935
205 66.5 1.83756
206 66.5 1.48176
207 66.5 0.639099
208 66.5 0.966595
209 66.5 0.836394
210 66.5 1.34594
211 66.5 0.931066
212 66.5 0.825728
213 66.5 1.02193
214 66.5 0.85222
215 66.5 0.799062
216 66.5 0.835873
217 66.5 0.87869
218 66.5 0.913349
219 66.5 0.969895
220 66.5 0.821933
221 66.5 0.536338
222 66.5 0.599813
223 66.5 0.75544
224 66.5 0.903962
225 66.5 0.662352
226 66.5 0.412847
227 66.5 0.393066
228 66.5 0.40969
229 66.5 0.454179
193 67 0.197249
194 67 0.249076
195 67 0.655247
196 67 0.779526
197 67 0.929771
198 67 0.555528
199 67 0.950027
200 67 0.940887
201 67 0.619147
202 67 0.582909
203 67 0.587114
204 67 0.627088
205 67 0.668005
206 67 0.79071
207 67 0.573376
208 67 0.804652
209 67 0.705412
210 67 0.823767
211 67 1.25591
212 67 0.918483
213 67 1.06434
214 67 0.622546
215 67 0.737696
216 67 0.75858
217 67 0.608959
218 67 0.79776
219 67 0.774321
220 67 0.588291
221 67 0.32205
222 67 0.812522
223 67 0.834632
224 67 0.826605
225 67 0.655585
226 67 0.521289
227 67 0.407434
228 67 0.391179
229 67 0.399258
230 67 0.41944
193 67.5 0.242722
194 67.5 0.364136
195 67.5 0.893946
196 67.5 0.729296
197 67.5 0.750904
198 67.5 1.08202
199 67.5 1.08577
200 67.5 0.84381
201 67.5 0.89156
202 67.5 0.678923
203 67.5 0.704115
204 67.5 0.531946
205 67.5 0.549694
206 67.5 0.924412
207 67.5 0.883538
208 67.5 0.649015
209 67.5 0.661547
210 67.5 0.490603
211 67.5 0.963253
212 67.5 0.714437
213 67.5 0.602688
214 67.5 0.409375
215 67.5 0.584528
216 67.5 0.633646
217 67.5 0.715873
218 67.5 1.14575
219 67.5 0.58076
220 67.5 0.625422
221 67.5 0.374718
222 67.5 0.588636
223 67.5 0.602799
224 67.5 0.999499
225 67.5 0.547679
226 67.5 0.384595
227 67.5 0.464858
228 67.5 0.512783
229 67.5 0.474203
230 67.5 0.444145
231 67.5 0.380881
232 67.5 1
194 68 0.258067
195 68 0.475514
196 68 0.426452
197 68 0.446248
198 68 0.73483
199 68 0.751362
200 68 0.725586
201 68 0.717053
202 68 0.713027
203 68 0.903981
204 68 0.826873
205 68 0.989778
206 68 1.1447
207 68 1.51478
208 68 1.59495
209 68 1.86925
210 68 1.0674
211 68 0.751419
212 68 0.65315
213 68 0.780954
214 68 0.652466
215 68 0.717476
216 68 0.687058
217 68 0.560508
218 68 0.722375
219 68 0.671878
220 68 0.778428
221 68 0.73744
222 68 0.396985
223 68 0.795194
224 68 0.542986
225 68 0.740881
226 68 0.504983
227 68 0.59664
228 68 0.579187
229 68 0.5756
230 68 0.45322
231 68 0.391969
232 68 0.336851
233 68 0.301948
195 68.5 0.473353
196 68.5 0.458828
197 68.5 0.541669
198 68.5 0.630509
199 68.5 0.710928
200 68.5 0.991606
201 68.5 1.16639
202 68.5 0.96701
203 68.5 0.979434
204 68.5 1.09811
205 68.5 1.6502
206 68.5 1.4046
207 68.5 1.62931
208 68.5 1.74775
209 68.5 1.70571
210 68.5 1.17354
211 68.5 0.725808
212 68.5 0.795096
213 68.5 0.843164
214 68.5 0.894746
215 68.5 0.57408
216 68.5 0.579646
217 68.5 0.539589
218 68.5 0.78104
219 68.5 0.786589
220 68.5 0.689323
221 68.5 0.691783
222 68.5 0.40858
223 68.5 0.478989
224 68.5 0.478034
225 68.5 0.54082
226 68.5 0.529574
227 68.5 0.680736
228 68.5 0.776211
229 68.5 0.686583
230 68.5 0.527819
231 68.5 0.415639
232 68.5 0.327916
233 68.5 0.284088
234 68.5 0.248618
235 68.5 1
197 69 0.603241
198 69 0.686265
199 69 1.36689
200 69 1.22535
201 69 1.39275
202 69 1.40697
203 69 1.6766
204 69 1.51155
205 69 1.89527
206 69 1.79503
207 69 1.59098
208 69 1.5434
209 69 2.05921
210 69 1.53227
211 69 2.12872
212 69 1.4922
213 69 0.593539
214 69 0.424188
215 69 0.454662
216 69 0.708031
217 69 0.863874
218 69 0.483961
219 69 0.627311
220 69 0.784093
221 69 0.97296
222 69 0.4372
223 69 0.490539
224 69 0.634831
225 69 0.665665
226 69 0.82612
227 69 0.671038
228 69 0.568009
229 69 0.454611
230 69 0.521259
231 69 0.464706
232 69 0.404705
233 69 0.331048
234 69 0.245847
235 69 0.203491
197 69.5 0.47676
198 69.5 0.6287
199 69.5 0.721939
200 69.5 1.31463
201 69.5 1.7277
202 69.5 1.84593
203 69.5 1.7824
204 69.5 2.01847
205 69.5 2.16533
206 69.5 2.17665
207 69.5 2.93726
208 69.5 2.5866
209 69.5 2.21507
210 69.5 1.72268
211 69.5 1.2275
212 69.5 0.918631
213 69.5 0.704782
214 69.5 0.740937
215 69.5 1.16274
216 69.5 0.591196
217 69.5 0.593272
218 69.5 0.670393
219 69.5 0.753963
220 69.5 0.772125
221 69.5 0.666282
222 69.5 0.635217
223 69.5 0.705632
224 69.5 0.653207
225 69.5 0.620235
226 69.5 0.701267
227 69.5 0.6587
228 69.5 0.497499
229 69.5 0.388098
230 69.5 0.526047
231 69.5 0.648321
232 69.5 0.689392
233 69.5 0.621623
235 69.5 1
198 70 0.621068
199 70 0.73392
200 70 1.53848
201 70 1.73381
202 70 2.11551
203 70 2.59094
204 70 2.64396
205 70 2.68987
206 70 3.10351
207 70 1.88876
208 70 1.37572
209 70 0.519631
210 70 0.513719
211 70 0.478666
212 70 0.387307
213 70 0.503194
214 70 0.447839
215 70 0.427422
223 70 1.10492
224 70 1.10864
225 70 1.01826
226 70 0.763701
227 70 0.561222
228 70 0.593116
229 70 0.547259
230 70 0.466603
231 70 0.582637
200 70.5 0.694801
201 70.5 0.808391
202 70.5 0.797211
203 70.5 0.918141
204 70.5 1.37733
205 70.5 0.76594
206 70.5 0.719759
207 70.5 0.465532
208 70.5 0.450097
209 70.5 0.30247
210 70.5 0.395814
211 70.5 0.428831
212 70.5 0.322577
213 70.5 0.419588
227 70.5 0.636442
228 70.5 0.647664
229 70.5 0.651298
230 70.5 0.520385
231 70.5 0.428308
202 71 0.379487
203 71 0.479751
204 71 0.460663
205 71 0.508418
206 71 0.44562
207 71 0.552963
209 71 1
210 71 1
211 71 1
228 71 1
229 71 0.812735
230 71 0.828156
231 71 0.687435
232 71 0.511202
233 71 0.534734
234 71 1
204 71.5 0.315385
230 71.5 0.894967
231 71.5 0.769662
232 71.5 0.523382
233 71.5 0.398447
234 71.5 1
235 71.5 1
