233.5 52 -0.820558
234 52 -3.10634
234.5 52 -1.56901
235 52 -1.75754
230.5 52.5 0.744032
232.5 52.5 0.269327
233.5 52.5 -1.81558
193 53 6.27944
193.5 53 8.10383
194 53 11.0549
194.5 53 10.0232
195 53 12.131
195.5 53 12.8229
229.5 53 0.631789
230 53 0.194631
230.5 53 0.0500844
231 53 -0.277667
231.5 53 -0.113423
232 53 -1.13277
232.5 53 -1.04126
233 53 -0.839946
233.5 53 -1.51738
234 53 -0.971397
235 53 -2.6224
192.5 53.5 1.98728
193 53.5 1.42697
193.5 53.5 4.38843
194 53.5 6.86988
194.5 53.5 7.6383
195 53.5 7.19361
195.5 53.5 10.1187
196 53.5 11.1461
228.5 53.5 0.271086
229 53.5 0.692658
229.5 53.5 1.76766
230 53.5 0.044396
230.5 53.5 -0.312223
231 53.5 -0.138949
231.5 53.5 -0.811077
232 53.5 -0.320086
232.5 53.5 -1.38619
233 53.5 -0.836762
233.5 53.5 -1.44216
234.5 53.5 -2.30606
235 53.5 -0.854109
192 54 8.18065
192.5 54 8.14638
193 54 10.9049
193.5 54 8.80985
194 54 9.8316
194.5 54 10.207
195 54 5.36808
195.5 54 7.88514
196 54 4.68136
196.5 54 4.91385
197 54 8.20177
197.5 54 7.80163
227.5 54 -0.107228
228 54 0.116759
228.5 54 0.322203
229 54 0.148635
229.5 54 -0.137776
230 54 -0.558386
230.5 54 -0.864063
231 54 -0.360544
231.5 54 -0.650396
232 54 -1.46874
232.5 54 -0.88276
233 54 -0.926197
233.5 54 -0.774414
234 54 -0.892048
234.5 54 -0.744428
191 54.5 5.54638
191.5 54.5 5.04663
192 54.5 6.46297
192.5 54.5 4.68061
193 54.5 9.92472
193.5 54.5 7.76729
194 54.5 9.60778
194.5 54.5 8.25038
195 54.5 6.71203
195.5 54.5 8.66938
196 54.5 1.76026
196.5 54.5 4.36198
197.5 54.5 2.29335
198 54.5 6.14443
198.5 54.5 3.35811
199 54.5 0.194949
199.5 54.5 0.307571
226.5 54.5 1.31351
227 54.5 0.493535
227.5 54.5 0.813215
228 54.5 0.832189
228.5 54.5 0.39474
229 54.5 0.0684575
229.5 54.5 0.0399493
230 54.5 -0.237319
230.5 54.5 -0.594084
231 54.5 -0.935969
231.5 54.5 -0.228241
232 54.5 -0.768386
232.5 54.5 -1.55879
233 54.5 -0.996322
233.5 54.5 -0.586825
234 54.5 -1.18216
234.5 54.5 -0.8896
235 54.5 -0.731805
235.5 54.5 -0.756593
191 55 4.99747
191.5 55 6.02143
192 55 4.74101
192.5 55 3.64366
193 55 4.65963
193.5 55 4.73836
194 55 4.34801
194.5 55 4.55804
195 55 3.92162
195.5 55 3.66163
196 55 4.83496
196.5 55 3.65828
197 55 3.36597
197.5 55 2.72317
198 55 5.08563
198.5 55 4.70424
199 55 5.08281
199.5 55 5.49502
200 55 3.51074
203 55 4.01677
203.5 55 3.95232
225.5 55 4.23794
226 55 0.38109
226.5 55 0.441439
227 55 -0.81265
227.5 55 0.347672
228 55 -0.0120951
228.5 55 0.0194557
229 55 0.00323018
229.5 55 -0.59519
230 55 0.111731
230.5 55 -1.03191
231 55 9.88823
231.5 55 10.1575
232 55 11.7432
232.5 55 12.739
233 55 -0.770279
233.5 55 -0.778867
234 55 -0.754337
234.5 55 -1.02098
235 55 -0.885189
190 55.5 3.21813
190.5 55.5 4.83652
191 55.5 5.08631
191.5 55.5 2.8865
192 55.5 3.41972
192.5 55.5 3.36875
193 55.5 4.37176
193.5 55.5 4.73643
194 55.5 4.40335
194.5 55.5 4.21112
195 55.5 3.29744
195.5 55.5 3.74549
196 55.5 4.95904
196.5 55.5 4.04413
197 55.5 3.32549
197.5 55.5 1.14905
198 55.5 5.15425
198.5 55.5 5.56399
199 55.5 3.88273
199.5 55.5 5.02665
200 55.5 4.5708
200.5 55.5 4.20435
201 55.5 3.89954
201.5 55.5 3.27826
202 55.5 1.94226
202.5 55.5 1.16581
203 55.5 3.94244
203.5 55.5 4.13834
204 55.5 6.6637
205.5 55.5 5.67522
224.5 55.5 3.64839
225 55.5 1.10653
225.5 55.5 1.12518
226 55.5 0.484164
226.5 55.5 0.0732769
228 55.5 0.0875833
228.5 55.5 -0.0675173
229 55.5 -0.217256
229.5 55.5 -0.648234
230 55.5 -0.102801
230.5 55.5 0.150691
231 55.5 12.77
231.5 55.5 10.6619
232 55.5 10.7341
232.5 55.5 12.5735
233 55.5 -0.846224
233.5 55.5 -1.06651
234 55.5 -0.759428
234.5 55.5 -1.03751
235 55.5 -1.45349
189.5 56 3.20562
190 56 0.797397
190.5 56 1.36663
191 56 1.14358
191.5 56 1.64374
192 56 3.80099
192.5 56 0.594659
193 56 3.17222
193.5 56 3.40794
194 56 2.08116
194.5 56 3.07201
195 56 2.54584
195.5 56 2.02205
196 56 3.41048
196.5 56 4.02555
197 56 4.61487
197.5 56 4.62528
198 56 5.05569
198.5 56 4.80114
199 56 6.99147
199.5 56 6.63696
200 56 5.50618
200.5 56 3.9495
201 56 3.58408
201.5 56 4.68267
202 56 4.51396
202.5 56 5.31763
203 56 4.4561
203.5 56 3.27253
204 56 2.74193
204.5 56 1.77431
205 56 1.00378
205.5 56 2.16287
206 56 4.64268
223.5 56 7.97499
224 56 2.67355
224.5 56 2.41465
225 56 0.299462
225.5 56 0.456639
226.5 56 1.35097
227 56 -1.85111
227.5 56 -0.318406
228 56 0.147191
228.5 56 -0.32936
229 56 -0.220884
229.5 56 -0.865921
230 56 6.23953
230.5 56 6.1838
231 56 14.7744
231.5 56 12.7737
232 56 9.40334
232.5 56 11.0981
233 56 -1.14041
233.5 56 -0.865209
234 56 -2.74934
234.5 56 0.270425
235 56 -2.48698
235.5 56 -1.88843
236.5 56 -1.78643
237 56 5.37363
190 56.5 1.96314
190.5 56.5 0.943512
191 56.5 1.71682
191.5 56.5 2.02308
192 56.5 3.65955
192.5 56.5 3.76608
193 56.5 3.32587
193.5 56.5 1.476
194 56.5 1.90704
194.5 56.5 0.848179
195 56.5 2.20671
195.5 56.5 1.573
196 56.5 3.23614
196.5 56.5 3.80678
197 56.5 3.57709
197.5 56.5 3.75797
198 56.5 4.32066
198.5 56.5 4.05165
199 56.5 5.83693
199.5 56.5 6.00393
200 56.5 6.75156
200.5 56.5 5.48629
201 56.5 5.65011
201.5 56.5 4.45749
202 56.5 6.37876
202.5 56.5 4.25182
203 56.5 4.10177
203.5 56.5 4.12147
204 56.5 2.1523
204.5 56.5 2.41976
205 56.5 1.90656
205.5 56.5 0.686249
206 56.5 1.5973
206.5 56.5 5.72688
207.5 56.5 7.56369
208 56.5 2.44432
208.5 56.5 4.48191
219 56.5 3.70696
219.5 56.5 3.74094
222 56.5 3.12992
222.5 56.5 2.92432
223 56.5 7.8724
223.5 56.5 5.99515
224 56.5 2.09026
224.5 56.5 1.26594
225 56.5 0.140362
225.5 56.5 0.518387
226 56.5 0.239469
226.5 56.5 -0.646694
227 56.5 -0.277123
228 56.5 -0.475039
228.5 56.5 -1.24377
229 56.5 -0.273523
229.5 56.5 -0.0273519
230 56.5 8.17814
230.5 56.5 5.39955
231 56.5 12.7972
231.5 56.5 12.8334
232 56.5 9.60613
232.5 56.5 8.22998
233 56.5 -1.48307
233.5 56.5 -1.15417
234.5 56.5 -0.598599
235.5 56.5 -1.59613
236 56.5 -3.10831
236.5 56.5 -0.650384
237 56.5 4.9799
190 57 0.896027
190.5 57 0.261392
191 57 0.606848
191.5 57 1.10911
192 57 0.356978
192.5 57 0.11623
193 57 1.68925
193.5 57 1.4441
194 57 2.20155
194.5 57 0.773857
195 57 1.39028
195.5 57 1.36441
196 57 1.10156
196.5 57 0.489422
197 57 1.04952
197.5 57 0.915319
198 57 0.825222
198.5 57 1.45886
199 57 1.70893
199.5 57 1.06089
200 57 1.25356
200.5 57 0.123398
201 57 1.24461
201.5 57 0.289837
202 57 1.75366
202.5 57 4.09288
203 57 5.95982
203.5 57 6.31035
204 57 5.00948
204.5 57 4.12132
205 57 1.02107
205.5 57 1.3227
206 57 0.0374999
206.5 57 0.0472992
207 57 1.06904
207.5 57 1.04076
208 57 8.20672
208.5 57 8.32273
209 57 5.00294
209.5 57 8.78445
210 57 7.37968
210.5 57 7.98614
211 57 7.53727
217.5 57 3.44678
218 57 3.77729
218.5 57 3.72381
219 57 3.48904
219.5 57 3.58385
220 57 6.22195
220.5 57 3.44627
221 57 9.09655
221.5 57 8.94502
222 57 7.58495
222.5 57 6.60575
223 57 4.359
223.5 57 3.66052
224 57 0.190106
224.5 57 0.226636
225 57 -0.895534
225.5 57 0.0688582
227 57 0.0237218
227.5 57 -1.12787
228 57 -1.25183
228.5 57 -0.152331
229 57 -1.17477
229.5 57 -1.56214
230 57 9.39985
230.5 57 8.60907
231 57 10.5404
231.5 57 9.14682
232 57 1.65576
232.5 57 -0.352891
233 57 -1.64332
233.5 57 -1.38411
234 57 -3.68027
234.5 57 -1.79186
235 57 -0.841735
235.5 57 -1.81899
236 57 -1.64112
236.5 57 -1.51212
190.5 57.5 0.734305
191 57.5 1.32491
191.5 57.5 0.903476
192.5 57.5 0.874008
193 57.5 1.23892
193.5 57.5 1.40258
194 57.5 1.24797
194.5 57.5 2.17096
195 57.5 1.5759
195.5 57.5 1.1655
196 57.5 0.686101
196.5 57.5 0.912363
197 57.5 0.68405
197.5 57.5 0.919386
198 57.5 0.403062
198.5 57.5 1.27727
199 57.5 0.86298
199.5 57.5 0.647091
200 57.5 1.6844
200.5 57.5 0.588866
201 57.5 2.87552
201.5 57.5 0.294454
202 57.5 3.56018
202.5 57.5 0.573349
203 57.5 4.39037
203.5 57.5 6.12722
204 57.5 4.57911
204.5 57.5 4.70839
205 57.5 0.416049
205.5 57.5 0.2996
206 57.5 -0.49827
206.5 57.5 -1.00926
207 57.5 0.577113
207.5 57.5 0.464458
208 57.5 1.12001
208.5 57.5 2.71304
210 57.5 4.5897
210.5 57.5 6.41906
211 57.5 5.15353
211.5 57.5 6.54161
212 57.5 4.95597
212.5 57.5 7.18806
213 57.5 6.40491
213.5 57.5 5.79586
214 57.5 4.58816
216 57.5 3.93251
216.5 57.5 3.76895
217.5 57.5 5.42181
218 57.5 4.30157
219 57.5 5.23454
219.5 57.5 6.67131
220.5 57.5 7.58079
221.5 57.5 8.53791
223 57.5 3.29544
223.5 57.5 2.23323
224 57.5 0.134506
224.5 57.5 -0.331019
225 57.5 -0.381709
225.5 57.5 -0.00723564
226 57.5 -1.06536
226.5 57.5 0.836426
227 57.5 -0.595727
227.5 57.5 -1.92917
228 57.5 -1.27094
228.5 57.5 -1.85973
229 57.5 -0.164951
229.5 57.5 -0.811833
230 57.5 5.55084
230.5 57.5 5.80257
231 57.5 7.94523
231.5 57.5 8.74196
232 57.5 -0.0165691
232.5 57.5 -0.51082
233 57.5 -1.46963
233.5 57.5 -1.78146
234 57.5 -0.755448
234.5 57.5 -4.42151
235 57.5 -1.59862
235.5 57.5 -1.75239
236 57.5 -1.27046
236.5 57.5 -0.990021
237.5 57.5 2.88451
189 58 0.499273
189.5 58 0.322805
190 58 0.49246
190.5 58 0.268556
191 58 1.06475
191.5 58 1.57476
192 58 1.45471
192.5 58 0.749137
193 58 0.244171
193.5 58 0.155209
194 58 1.22409
194.5 58 0.629152
195 58 1.34767
195.5 58 1.35928
196 58 1.30177
196.5 58 0.857931
197 58 0.970375
197.5 58 0.76442
198 58 0.329894
198.5 58 0.201052
199 58 0.228498
199.5 58 0.72365
200 58 0.380242
200.5 58 0.476
201 58 1.21786
201.5 58 0.881854
202 58 0.599099
202.5 58 0.350228
203 58 0.619334
203.5 58 0.500779
204 58 1.11436
204.5 58 3.40778
205 58 5.90021
205.5 58 5.8711
206 58 2.21993
206.5 58 5.04764
207 58 0.164457
207.5 58 0.460044
208 58 1.94059
208.5 58 1.76174
209 58 0.80868
209.5 58 1.53959
210 58 5.59529
211 58 1.56881
211.5 58 6.21423
212 58 5.34284
212.5 58 4.27679
213 58 7.14999
213.5 58 8.32502
214 58 5.54088
214.5 58 4.92442
215 58 4.25876
215.5 58 5.14577
216 58 3.97618
216.5 58 5.06043
217 58 4.72551
217.5 58 5.13984
218 58 3.78767
218.5 58 5.73404
219 58 3.71265
219.5 58 4.67138
220 58 6.24803
220.5 58 6.15108
221 58 6.30098
221.5 58 3.5538
222 58 1.08082
222.5 58 1.69344
223 58 0.418558
223.5 58 0.0313511
224 58 -0.341564
224.5 58 -0.0687749
225 58 -0.220887
225.5 58 -0.658003
226 58 0.403768
226.5 58 -0.553538
227 58 -0.653458
227.5 58 -1.56501
228.5 58 -2.40145
229 58 -0.316575
229.5 58 -1.12396
230 58 -0.874963
230.5 58 -1.26778
231 58 -2.38022
231.5 58 -1.74641
232 58 -0.940194
232.5 58 -0.574911
233 58 -1.94094
233.5 58 -1.51726
234.5 58 -1.54101
235 58 -1.86295
235.5 58 -0.993295
236 58 3.35776
236.5 58 2.8241
237 58 -0.1981
237.5 58 -0.702923
189.5 58.5 1.26315
190 58.5 1.07867
190.5 58.5 0.762158
191 58.5 0.204899
191.5 58.5 1.59093
192 58.5 1.27425
192.5 58.5 1.4218
193 58.5 1.15922
193.5 58.5 0.69932
194 58.5 0.509977
194.5 58.5 0.387403
195 58.5 0.863094
195.5 58.5 1.08975
196 58.5 1.25338
196.5 58.5 1.02858
197 58.5 1.26695
197.5 58.5 1.3166
198 58.5 0.506698
198.5 58.5 0.666145
199 58.5 0.178111
199.5 58.5 0.5911
200 58.5 0.432168
200.5 58.5 1.09687
201 58.5 0.429462
201.5 58.5 1.35207
202 58.5 0.89169
202.5 58.5 0.423845
203 58.5 0.699625
203.5 58.5 0.751771
204 58.5 1.9532
204.5 58.5 1.53689
205 58.5 2.97249
205.5 58.5 5.75886
206 58.5 0.623151
206.5 58.5 3.19617
207 58.5 1.62208
207.5 58.5 1.4494
208 58.5 0.227884
208.5 58.5 1.81106
209 58.5 2.9861
209.5 58.5 1.07459
210 58.5 2.06122
210.5 58.5 1.64894
211.5 58.5 1.54429
212 58.5 3.04241
212.5 58.5 6.13294
213 58.5 5.45435
213.5 58.5 6.84082
214 58.5 4.83182
214.5 58.5 6.39841
215 58.5 4.00384
215.5 58.5 4.97561
216 58.5 4.32874
216.5 58.5 5.22456
217 58.5 5.61831
217.5 58.5 5.53402
218 58.5 5.59051
218.5 58.5 4.69128
219 58.5 3.96024
219.5 58.5 5.56984
220 58.5 4.16679
221.5 58.5 0.49856
222 58.5 1.25486
222.5 58.5 1.50437
223 58.5 -0.746245
223.5 58.5 -0.315161
224 58.5 0.0102001
224.5 58.5 -0.0736813
225 58.5 0.151527
225.5 58.5 -0.951356
226 58.5 0.0413369
226.5 58.5 -1.01278
227 58.5 -0.617397
227.5 58.5 -1.00074
228 58.5 -2.25633
228.5 58.5 -2.091
229 58.5 -1.04236
229.5 58.5 -1.3164
230 58.5 -0.845374
230.5 58.5 -1.36006
231 58.5 -1.587
231.5 58.5 -1.40435
232 58.5 -2.34307
232.5 58.5 -0.399652
233 58.5 -0.977006
233.5 58.5 -1.60838
235 58.5 -1.49334
235.5 58.5 -1.43301
236 58.5 2.59982
236.5 58.5 0.189355
237 58.5 3.63003
189.5 59 1.38558
190 59 1.13884
190.5 59 0.36413
191 59 0.716768
191.5 59 0.110955
192 59 3.11686
192.5 59 3.56636
193 59 3.29265
193.5 59 3.83619
194 59 2.98564
194.5 59 5.17416
195 59 4.43213
195.5 59 4.30631
196 59 3.77721
196.5 59 3.87421
197 59 0.261048
197.5 59 1.62812
198 59 0.148681
198.5 59 -0.288251
199 59 -0.272829
199.5 59 0.138245
200 59 -0.106008
200.5 59 -0.0193181
201 59 0.0693204
201.5 59 0.0889769
202 59 0.491394
202.5 59 0.165309
203 59 -0.000421156
203.5 59 0.26797
204 59 -0.032071
204.5 59 0.00252782
205 59 -0.289887
205.5 59 -0.504491
206 59 6.02375
206.5 59 5.22295
207 59 5.96387
207.5 59 10.9787
208 59 1.85039
208.5 59 1.40461
209 59 0.411659
209.5 59 0.808316
210 59 2.01442
210.5 59 0.738301
211 59 2.15794
211.5 59 2.59446
212 59 5.63909
212.5 59 10.6619
213 59 10.2681
213.5 59 10.7636
214 59 12.3223
214.5 59 13.1026
215 59 12.1825
215.5 59 12.8607
216 59 10.9762
216.5 59 11.4165
217 59 15.323
217.5 59 11.3442
218 59 10.4538
218.5 59 14.1861
219 59 11.9295
219.5 59 13.9148
220 59 3.90424
220.5 59 3.21699
221 59 0.490215
221.5 59 0.508089
222 59 -0.413632
222.5 59 -2.94564
223 59 -1.26958
224 59 -0.640633
224.5 59 -1.06765
225 59 -0.230129
225.5 59 -1.39364
226 59 -1.60656
226.5 59 -0.707287
227.5 59 -0.661481
229 59 -0.908953
230.5 59 -1.43595
231 59 -2.09446
232 59 -1.57179
232.5 59 -0.738681
233 59 -0.739028
233.5 59 -1.28065
234 59 -1.55546
234.5 59 -1.40351
235 59 0.840746
235.5 59 5.49019
236 59 8.10329
236.5 59 7.95934
237 59 2.20804
237.5 59 0.374164
238 59 1.51526
189.5 59.5 0.0982536
190 59.5 0.536409
190.5 59.5 0.84358
191 59.5 0.655316
191.5 59.5 1.39014
192 59.5 3.44857
192.5 59.5 2.48718
193 59.5 5.01291
193.5 59.5 2.90813
194 59.5 2.8133
194.5 59.5 5.91082
195 59.5 4.45371
195.5 59.5 4.06054
196 59.5 5.67955
196.5 59.5 3.75582
197 59.5 0.72453
197.5 59.5 0.0566631
198 59.5 0.103155
198.5 59.5 0.216577
199 59.5 -0.151004
199.5 59.5 -0.303343
200 59.5 -0.502553
200.5 59.5 -0.373633
201 59.5 -0.0212056
201.5 59.5 0.0731383
202 59.5 0.524776
202.5 59.5 0.391309
203 59.5 -0.00826426
203.5 59.5 0.195128
204 59.5 0.105462
204.5 59.5 0.00730836
205 59.5 0.0304375
205.5 59.5 0.0615762
206 59.5 4.70803
206.5 59.5 5.40736
207 59.5 9.98668
207.5 59.5 7.26052
208 59.5 0.514485
208.5 59.5 1.84756
209 59.5 -0.282792
209.5 59.5 0.27693
210 59.5 2.07339
210.5 59.5 0.604796
211 59.5 3.09737
211.5 59.5 2.65169
212 59.5 10.5545
212.5 59.5 11.6975
213 59.5 9.68844
214 59.5 11.9722
214.5 59.5 11.995
215 59.5 9.10327
215.5 59.5 9.98149
217 59.5 11.7096
218 59.5 11.1889
218.5 59.5 12.0498
219 59.5 10.9116
219.5 59.5 12.8404
220 59.5 3.95947
220.5 59.5 3.53681
221 59.5 0.00389387
221.5 59.5 -0.309593
222 59.5 -0.770663
222.5 59.5 -0.934146
223 59.5 -0.874403
223.5 59.5 -1.20751
224 59.5 -0.310044
224.5 59.5 -1.36489
225 59.5 -1.18718
225.5 59.5 -1.21233
226 59.5 -0.92409
226.5 59.5 -0.935058
227 59.5 0.274816
227.5 59.5 -1.50498
228 59.5 -2.43942
228.5 59.5 -2.09837
229 59.5 -1.50374
230.5 59.5 -0.676949
231.5 59.5 0.235383
232 59.5 -0.749081
232.5 59.5 -0.80045
234 59.5 -0.931696
234.5 59.5 -1.1144
235 59.5 5.44599
235.5 59.5 5.03468
236 59.5 7.2536
236.5 59.5 7.50973
237 59.5 0.883183
189.5 60 0.695094
190 60 0.473182
190.5 60 1.20655
191 60 2.76717
191.5 60 2.90298
192 60 3.45284
192.5 60 5.17027
193 60 5.52004
193.5 60 4.38823
194 60 4.73587
194.5 60 4.74208
195 60 5.44242
195.5 60 5.81971
196 60 5.25343
196.5 60 6.83949
197 60 5.81084
197.5 60 7.32987
198 60 2.10972
198.5 60 2.72595
199 60 -0.247774
199.5 60 -0.523661
200 60 -0.540368
200.5 60 -0.57807
201 60 -0.186232
201.5 60 0.0952627
202 60 1.81905
202.5 60 1.10608
203 60 0.949936
203.5 60 3.58201
204 60 1.59583
204.5 60 1.29703
205 60 -0.42367
205.5 60 -0.259232
206 60 -1.09747
206.5 60 -1.18061
207 60 -0.457418
207.5 60 1.27846
208 60 8.17716
208.5 60 9.73718
209 60 1.4659
209.5 60 7.09183
210 60 -1.32485
210.5 60 -0.491012
211 60 -0.6254
211.5 60 -0.136896
212 60 0.697847
212.5 60 -0.254689
213 60 0.656885
213.5 60 0.337451
214 60 0.802116
214.5 60 0.213531
215 60 0.449313
215.5 60 0.320636
216 60 0.0968589
216.5 60 0.129228
217 60 1.24344
217.5 60 1.10855
218 60 0.327349
218.5 60 0.205797
219 60 -0.206529
219.5 60 -0.460732
220 60 -0.616741
220.5 60 -0.0892334
221 60 -1.42682
221.5 60 -1.36174
222 60 -1.09726
222.5 60 -1.32286
223 60 -1.68954
223.5 60 -1.50901
224 60 -1.77271
224.5 60 -1.53448
225 60 -0.868166
225.5 60 -1.51657
226 60 -0.731682
226.5 60 -0.58467
227 60 -0.91163
227.5 60 -1.01949
228 60 -1.07448
228.5 60 -1.354
229 60 -1.09195
229.5 60 -1.45653
230 60 -1.3383
230.5 60 -0.894458
231 60 -0.638567
231.5 60 -0.740192
232 60 -0.662411
232.5 60 -0.692011
233 60 -0.98907
233.5 60 -0.858263
234 60 -1.01836
234.5 60 -0.859042
235 60 -1.09914
235.5 60 -0.368823
236 60 0.45731
236.5 60 2.08618
237 60 2.68871
188 60.5 1.28325
188.5 60.5 1.49195
189 60.5 0.708483
189.5 60.5 0.587102
190 60.5 0.0564286
190.5 60.5 1.46795
191 60.5 2.57454
191.5 60.5 1.80862
192 60.5 4.61596
192.5 60.5 4.27391
193 60.5 5.11205
193.5 60.5 6.13321
194 60.5 4.84473
194.5 60.5 2.75531
195 60.5 5.62811
195.5 60.5 7.19614
196 60.5 5.23065
196.5 60.5 6.47067
197 60.5 5.83364
197.5 60.5 5.18651
198 60.5 1.36083
198.5 60.5 1.56412
199 60.5 0.0745567
199.5 60.5 -0.163256
200 60.5 -0.417283
200.5 60.5 -0.434945
201 60.5 0.309155
201.5 60.5 0.142628
202 60.5 2.32976
202.5 60.5 3.13315
203 60.5 1.9406
203.5 60.5 2.82854
204 60.5 0.671281
204.5 60.5 1.60545
205 60.5 -0.691155
205.5 60.5 -0.751528
206 60.5 -0.538353
206.5 60.5 -0.744462
207 60.5 0.108283
207.5 60.5 1.3304
208 60.5 9.70068
208.5 60.5 8.15963
209 60.5 6.05986
209.5 60.5 5.44766
210 60.5 -0.493704
210.5 60.5 -0.713461
211 60.5 -1.05502
211.5 60.5 -0.537415
212 60.5 0.70656
212.5 60.5 0.755137
213 60.5 0.316107
213.5 60.5 0.564022
214 60.5 0.0584267
214.5 60.5 0.175088
215 60.5 0.0384297
215.5 60.5 0.688462
216 60.5 -0.138125
216.5 60.5 -0.586756
217 60.5 -0.602224
217.5 60.5 0.130546
218 60.5 -0.84227
218.5 60.5 -1.24896
219 60.5 -2.19565
219.5 60.5 -2.0975
220 60.5 -2.10601
220.5 60.5 -1.59924
221 60.5 -2.9844
221.5 60.5 -2.19348
222 60.5 -1.63984
222.5 60.5 -1.21599
223 60.5 -0.806429
223.5 60.5 -1.447
224 60.5 -1.29245
224.5 60.5 -0.955079
225 60.5 -0.630429
225.5 60.5 -0.595571
226 60.5 -0.884288
226.5 60.5 -0.821779
227 60.5 -1.294
227.5 60.5 -1.10594
228 60.5 -1.66088
228.5 60.5 -1.51086
229 60.5 -1.51079
229.5 60.5 -1.40286
230 60.5 -0.868618
230.5 60.5 -0.793641
231 60.5 -1.20121
231.5 60.5 -1.18616
232 60.5 -1.17513
232.5 60.5 -0.846388
233 60.5 -1.21016
233.5 60.5 -1.14201
234 60.5 -0.8095
234.5 60.5 -0.783574
235 60.5 -1.07502
235.5 60.5 -1.39255
188.5 61 1.03794
189 61 1.52982
189.5 61 2.4316
190 61 1.46763
190.5 61 1.58975
191 61 2.06137
191.5 61 1.05985
192 61 2.68855
192.5 61 2.27154
193 61 3.99691
193.5 61 3.82327
194 61 4.04024
194.5 61 3.91118
195 61 3.59043
195.5 61 4.95739
196 61 2.26184
196.5 61 2.7705
197 61 2.76384
197.5 61 1.42047
198 61 1.69305
198.5 61 3.40585
199 61 2.91475
199.5 61 2.70708
200 61 0.0879588
200.5 61 0.00764129
201 61 0.355094
201.5 61 0.294723
202 61 5.45729
202.5 61 2.23694
203 61 0.04422
203.5 61 0.385678
204 61 0.33782
204.5 61 -0.0993245
205 61 -0.426863
205.5 61 -0.339489
206 61 -0.332369
206.5 61 -1.30555
207 61 -1.94329
207.5 61 -1.15266
208 61 0.114708
208.5 61 0.39731
209 61 0.613277
209.5 61 5.32416
210 61 0.061249
210.5 61 0.966287
211 61 -0.68775
211.5 61 -1.01339
212 61 0.0167616
212.5 61 -0.123532
213 61 -0.00435476
213.5 61 -0.625696
214 61 -0.847705
214.5 61 -1.15223
215 61 -0.0739232
215.5 61 -0.202219
216 61 -0.632323
216.5 61 -1.51832
217 61 -1.68599
217.5 61 -1.53572
218 61 -1.36184
218.5 61 -0.946066
219 61 -1.79492
219.5 61 -4.08292
220 61 -3.66925
220.5 61 -2.34195
221 61 -2.09648
221.5 61 -0.908056
222 61 -1.40525
222.5 61 -1.56784
223 61 -0.954961
223.5 61 -0.754472
224 61 -0.737158
224.5 61 1.70627
225 61 -0.661981
225.5 61 -0.704264
226 61 -1.22547
226.5 61 -1.37387
227 61 -0.881459
227.5 61 -1.15263
228 61 -1.32977
228.5 61 -1.29765
229 61 -1.23696
229.5 61 -1.57428
230 61 -1.39548
230.5 61 -1.06834
231 61 -1.13931
231.5 61 -0.918104
232 61 -1.79819
232.5 61 -0.965381
233 61 -1.22043
233.5 61 -1.40848
234 61 -0.868497
234.5 61 -0.835765
235 61 -0.884613
188.5 61.5 0.715745
189 61.5 1.70362
189.5 61.5 2.31185
190 61.5 0.131134
190.5 61.5 1.33249
191 61.5 2.77678
191.5 61.5 2.37776
192 61.5 2.79478
192.5 61.5 1.95217
193 61.5 0.311463
193.5 61.5 1.1621
194 61.5 0.560427
194.5 61.5 5.33357
195 61.5 3.22241
195.5 61.5 4.21775
196 61.5 2.76128
196.5 61.5 1.782
197 61.5 1.79962
197.5 61.5 2.7286
198 61.5 2.87131
198.5 61.5 2.04147
199 61.5 2.01175
199.5 61.5 2.58036
200 61.5 0.164503
200.5 61.5 0.844511
201 61.5 3.71936
201.5 61.5 3.79419
202 61.5 4.86305
202.5 61.5 4.40311
203 61.5 0.467685
203.5 61.5 0.606589
204 61.5 0.400562
204.5 61.5 0.332998
205 61.5 -0.0926409
205.5 61.5 -0.374815
206 61.5 -1.80645
206.5 61.5 -1.56442
207 61.5 -1.4006
207.5 61.5 -2.56121
208 61.5 0.0954643
208.5 61.5 0.0564792
209 61.5 0.0476171
209.5 61.5 4.9883
210 61.5 1.21088
210.5 61.5 0.771054
211 61.5 -0.529159
211.5 61.5 -1.02608
212 61.5 -2.42663
212.5 61.5 -2.7447
213 61.5 -2.23864
213.5 61.5 -1.79868
214 61.5 -0.425331
214.5 61.5 -0.697494
215 61.5 -0.913415
215.5 61.5 -0.705783
216 61.5 -0.449459
216.5 61.5 -1.01691
217 61.5 -0.769359
217.5 61.5 -1.73356
218 61.5 -2.21343
218.5 61.5 -2.65225
219 61.5 -2.61404
219.5 61.5 -1.49625
220 61.5 -1.509
220.5 61.5 -1.38799
221 61.5 -0.843707
221.5 61.5 -1.42886
222 61.5 -1.56495
222.5 61.5 -1.25616
223 61.5 -1.33053
223.5 61.5 -1.03462
224 61.5 -0.651813
224.5 61.5 -0.854902
225 61.5 -0.631042
225.5 61.5 -0.685692
226 61.5 -1.15291
226.5 61.5 -0.936962
227 61.5 -1.47866
227.5 61.5 -1.29997
228 61.5 -1.3886
228.5 61.5 -1.1903
229 61.5 -1.40486
229.5 61.5 -1.24151
230 61.5 -1.50089
230.5 61.5 -0.913048
231 61.5 -1.75483
231.5 61.5 -1.50802
232 61.5 -1.00338
232.5 61.5 -1.84399
233 61.5 -1.06751
233.5 61.5 -1.26235
188.5 62 1.39648
189 62 0.225044
189.5 62 0.241453
190 62 3.01482
190.5 62 2.09883
191 62 1.49656
191.5 62 2.12729
192 62 0.213548
192.5 62 1.62192
193 62 2.01973
193.5 62 2.32471
194 62 2.73625
194.5 62 2.31637
195 62 1.42755
195.5 62 1.34048
196 62 4.53267
196.5 62 3.97491
197 62 3.4556
197.5 62 3.12065
198 62 0.0578569
198.5 62 -0.0329635
199 62 -0.0742672
199.5 62 -0.0679603
200 62 0.302564
200.5 62 0.197576
201 62 0.454541
201.5 62 0.342939
202 62 1.22125
202.5 62 0.589651
203 62 2.76197
203.5 62 0.184984
204 62 2.53487
204.5 62 0.378171
205 62 2.60146
205.5 62 1.79383
206 62 -0.613129
206.5 62 -0.257064
207 62 -1.57103
207.5 62 -0.418068
208 62 0.18429
208.5 62 0.359019
209 62 1.99856
209.5 62 2.03099
210 62 -0.0800931
210.5 62 -0.556549
211 62 -1.44528
211.5 62 -1.77835
212 62 -1.30251
212.5 62 -1.42559
213 62 -0.133364
213.5 62 0.368124
214 62 1.32485
214.5 62 2.70807
215 62 1.47979
215.5 62 0.28298
216 62 -4.03338
216.5 62 -2.40814
217 62 -1.484
217.5 62 -2.31506
218 62 -1.24659
218.5 62 -1.31274
219 62 -1.27132
219.5 62 -0.656292
220 62 -0.93184
220.5 62 -1.12773
221 62 -0.862399
221.5 62 -1.12704
222 62 -1.07145
222.5 62 -1.19958
223 62 -1.07432
223.5 62 -0.785366
224 62 -0.787224
224.5 62 -0.59819
225 62 -0.805152
225.5 62 -1.23606
226 62 -1.34093
226.5 62 -1.64955
227 62 -1.45141
227.5 62 -0.981506
228 62 -0.813141
228.5 62 -1.01758
229 62 -0.864725
229.5 62 -0.953649
230 62 -1.09295
230.5 62 -1.5148
231 62 -1.94166
231.5 62 -1.35171
232 62 -1.7533
232.5 62 -1.85102
233 62 -1.78568
233.5 62 -1.31032
189 62.5 0.479023
189.5 62.5 0.412285
190 62.5 2.21211
190.5 62.5 1.74746
191 62.5 0.437888
191.5 62.5 0.557831
192 62.5 2.28557
192.5 62.5 2.13265
193 62.5 2.20564
193.5 62.5 1.13185
194 62.5 2.41007
194.5 62.5 0.609187
195 62.5 1.39662
195.5 62.5 2.38276
196 62.5 4.26573
196.5 62.5 4.55176
197 62.5 2.08314
197.5 62.5 2.57145
198 62.5 -0.0411164
198.5 62.5 -0.139355
199 62.5 -0.0596823
199.5 62.5 -0.010096
200 62.5 0.367771
200.5 62.5 -0.0516149
201 62.5 0.235554
201.5 62.5 0.465983
202 62.5 1.29243
202.5 62.5 0.483344
203 62.5 -0.168028
203.5 62.5 1.31701
204 62.5 0.986625
204.5 62.5 1.70082
205 62.5 3.41032
205.5 62.5 4.59348
206 62.5 -0.188266
206.5 62.5 0.898763
207 62.5 -1.5301
207.5 62.5 -0.601061
208 62.5 -0.281843
208.5 62.5 0.0733613
209 62.5 3.31539
209.5 62.5 3.14416
210 62.5 -0.355714
210.5 62.5 -0.958232
211 62.5 -1.16751
211.5 62.5 -1.32968
212 62.5 -1.29506
212.5 62.5 -0.671148
213 62.5 -0.127025
213.5 62.5 -0.402244
214 62.5 1.90683
214.5 62.5 3.33169
215 62.5 1.57024
215.5 62.5 0.326652
216 62.5 -1.11384
216.5 62.5 -0.911616
217 62.5 -1.50016
217.5 62.5 -1.30119
218 62.5 -0.813288
218.5 62.5 -0.676382
219 62.5 -0.650229
219.5 62.5 -0.863732
220 62.5 -0.642621
220.5 62.5 -0.585242
221 62.5 -0.692419
221.5 62.5 -1.32439
222 62.5 -1.2589
222.5 62.5 -1.05818
223 62.5 -0.447004
223.5 62.5 -0.90741
224 62.5 -0.703398
224.5 62.5 -0.672897
225 62.5 -1.10842
225.5 62.5 -1.65294
226 62.5 -1.23641
226.5 62.5 -1.42244
227 62.5 -1.66965
227.5 62.5 -1.22328
228 62.5 -1.56501
228.5 62.5 -1.14917
229 62.5 -1.1525
229.5 62.5 -1.37383
230 62.5 -1.30894
230.5 62.5 -1.49249
231 62.5 -1.37241
231.5 62.5 -1.63187
232 62.5 -1.30392
189 63 0.353445
189.5 63 1.05413
190 63 0.167044
190.5 63 0.744545
191 63 1.34329
191.5 63 1.48738
192 63 2.88858
192.5 63 0.96776
193 63 1.93785
193.5 63 2.73886
194 63 3.62561
194.5 63 2.283
195 63 0.036451
195.5 63 3.05502
196 63 2.1182
196.5 63 3.37215
197 63 2.59668
197.5 63 0.980422
198 63 -0.150907
198.5 63 0.416519
199 63 -0.00248574
199.5 63 0.319877
200 63 0.740346
200.5 63 0.687689
201 63 -0.0212682
201.5 63 -0.0423905
202 63 -0.00389318
202.5 63 -0.107719
203 63 -0.272296
203.5 63 0.988827
204 63 1.30204
204.5 63 1.68761
205 63 0.435037
205.5 63 0.305612
206 63 0.0679375
206.5 63 0.0934655
207 63 3.13436
207.5 63 3.21288
208 63 2.32943
208.5 63 1.34804
209 63 -3.01211
209.5 63 -1.58865
210 63 -0.502242
210.5 63 -0.805512
211 63 -1.0504
211.5 63 -1.58518
212 63 -0.883072
212.5 63 -0.740041
213 63 -0.742833
213.5 63 -0.864788
214 63 -1.04618
214.5 63 -0.648354
215 63 -1.01938
215.5 63 -0.912209
216 63 -0.997603
216.5 63 -1.2854
217 63 -1.19021
217.5 63 -0.517129
218 63 -0.507322
218.5 63 -0.678426
219 63 -0.735867
219.5 63 -1.08266
220 63 -0.806548
220.5 63 -0.472002
221 63 -0.939854
221.5 63 -0.907811
222 63 -0.697936
222.5 63 -0.811084
223 63 -0.881201
223.5 63 -0.685184
224 63 -1.13046
224.5 63 -1.38147
225 63 -0.877242
225.5 63 -0.893473
226 63 -0.728778
226.5 63 -0.691006
227 63 -1.13029
227.5 63 -1.64372
228 63 -1.12598
228.5 63 -1.15934
229 63 -1.32411
229.5 63 -1.19299
230 63 -1.37834
230.5 63 -1.76287
231 63 -1.47502
231.5 63 -1.54093
232 63 -1.84009
189.5 63.5 0.804701
190 63.5 0.982759
190.5 63.5 1.25317
191 63.5 1.52119
191.5 63.5 1.143
192 63.5 0.629828
192.5 63.5 0.584455
193 63.5 3.82167
193.5 63.5 3.61857
194 63.5 4.23179
194.5 63.5 3.76109
195 63.5 3.13413
195.5 63.5 0.162891
196 63.5 0.0613327
196.5 63.5 1.9849
197 63.5 2.41577
197.5 63.5 1.87549
198 63.5 0.00556854
198.5 63.5 0.54608
199 63.5 0.188443
199.5 63.5 -0.0636605
200 63.5 0.849984
200.5 63.5 1.12333
201 63.5 -0.082138
201.5 63.5 -0.0685276
202 63.5 -0.0201088
202.5 63.5 -0.0452149
203 63.5 1.71179
203.5 63.5 1.33346
204 63.5 0.27165
204.5 63.5 1.05315
205 63.5 -0.428148
205.5 63.5 -0.191619
206 63.5 0.0891578
206.5 63.5 0.0338748
207 63.5 2.71193
207.5 63.5 2.56311
208 63.5 2.37089
208.5 63.5 1.49766
209 63.5 -0.453509
209.5 63.5 -0.502114
210 63.5 -0.622772
210.5 63.5 -0.885506
211 63.5 -1.39877
211.5 63.5 -1.49046
212 63.5 -1.24445
212.5 63.5 -1.20882
213 63.5 -1.18419
213.5 63.5 -1.551
214 63.5 -1.07799
214.5 63.5 -2.04137
215 63.5 -1.68972
215.5 63.5 -1.7476
216 63.5 -0.495706
216.5 63.5 -0.657014
217 63.5 -0.696287
217.5 63.5 -0.710454
218 63.5 -0.798397
218.5 63.5 -0.942266
219 63.5 -0.809324
219.5 63.5 -0.73574
220 63.5 -0.713348
220.5 63.5 -0.628263
221 63.5 -0.931246
221.5 63.5 -0.927059
222 63.5 -0.701396
222.5 63.5 -0.752338
223 63.5 -0.552801
223.5 63.5 -0.931118
224 63.5 -0.527482
224.5 63.5 -1.20239
225 63.5 -0.674346
225.5 63.5 -0.81608
226 63.5 -0.627246
226.5 63.5 -0.772487
227 63.5 -0.762524
227.5 63.5 -1.15435
228 63.5 -0.97875
228.5 63.5 -1.25367
229 63.5 -1.4855
229.5 63.5 -1.42395
230 63.5 -1.44014
230.5 63.5 -1.69569
231 63.5 -1.72531
231.5 63.5 -1.1179
232 63.5 -1.35853
232.5 63.5 -1.588
233 63.5 -1.45235
189.5 64 1.04827
190 64 0.794554
190.5 64 0.471015
191 64 2.11533
191.5 64 2.57088
192 64 0.665576
192.5 64 0.861473
193 64 0.288854
193.5 64 0.0718899
194 64 0.604433
194.5 64 0.601211
195 64 0.606307
195.5 64 0.547912
196 64 0.224674
196.5 64 0.105061
197 64 0.0594402
197.5 64 0.122295
198 64 0.223675
198.5 64 0.0227289
199 64 1.90832
199.5 64 1.57326
200 64 5.08309
200.5 64 8.51868
201 64 7.06706
201.5 64 6.8015
202 64 3.72471
202.5 64 2.48637
203 64 -0.116647
203.5 64 0.080341
204 64 0.506613
204.5 64 -0.0913555
205 64 0.160479
205.5 64 0.226416
207 64 -0.0959228
207.5 64 0.156247
208 64 -0.140518
208.5 64 0.144651
209 64 2.00835
209.5 64 0.383419
210 64 2.9945
210.5 64 3.45906
211 64 -0.0870034
211.5 64 -0.369136
212 64 -0.599415
212.5 64 -1.20787
213 64 -0.823248
213.5 64 -0.456942
214 64 -0.393529
214.5 64 -0.357828
215 64 -0.323322
215.5 64 -0.414956
216 64 -1.17196
216.5 64 -0.897312
217 64 -0.970693
217.5 64 -0.79283
218 64 -0.560728
218.5 64 -0.749507
219 64 -1.07057
219.5 64 -0.810322
220 64 -0.926771
220.5 64 -0.634687
221 64 -0.612903
221.5 64 -0.563424
222 64 -0.617206
222.5 64 -0.842956
223 64 -1.19093
223.5 64 -0.997906
224 64 -0.946496
224.5 64 -0.947831
225 64 -0.74802
225.5 64 -1.35787
226 64 -0.992479
226.5 64 -1.11117
227 64 -0.795841
227.5 64 -1.33008
228 64 -1.35518
228.5 64 -1.47527
229 64 -1.47225
229.5 64 -1.39211
230 64 -1.52952
230.5 64 -1.02479
231 64 -1.52261
231.5 64 -1.40206
232 64 -0.766865
232.5 64 -1.63997
189.5 64.5 0.336934
190 64.5 2.35799
190.5 64.5 2.15922
191 64.5 0.928397
191.5 64.5 0.91491
192 64.5 1.65231
192.5 64.5 1.59661
193 64.5 1.36721
193.5 64.5 1.41225
194 64.5 0.410378
194.5 64.5 0.555402
195 64.5 0.181493
195.5 64.5 0.518679
196 64.5 0.34812
196.5 64.5 0.0843093
197 64.5 0.513932
197.5 64.5 0.351405
198 64.5 0.163558
198.5 64.5 0.410926
199 64.5 0.890302
199.5 64.5 0.657438
200 64.5 10.6662
200.5 64.5 5.83025
201 64.5 5.94501
201.5 64.5 6.28339
202 64.5 2.60958
202.5 64.5 3.47736
203 64.5 0.346635
203.5 64.5 0.715428
204 64.5 -0.0661523
204.5 64.5 0.566564
205 64.5 0.364588
205.5 64.5 0.196455
206 64.5 -1.54935
207 64.5 0.0659833
207.5 64.5 0.121677
208 64.5 0.00584049
208.5 64.5 0.101229
209 64.5 2.42649
209.5 64.5 2.11958
210 64.5 1.13157
210.5 64.5 2.90101
211 64.5 0.286944
211.5 64.5 -0.108887
212 64.5 0.347077
212.5 64.5 -0.137254
213 64.5 -0.0513606
213.5 64.5 -0.291094
214 64.5 -0.459959
214.5 64.5 -0.641524
215 64.5 -0.682162
215.5 64.5 -0.663573
216 64.5 -0.923381
216.5 64.5 -1.03816
217 64.5 -0.998373
217.5 64.5 -0.784158
218 64.5 -0.940722
218.5 64.5 -0.943031
219 64.5 -0.783749
219.5 64.5 -0.373223
220 64.5 -1.10889
220.5 64.5 -1.00466
221 64.5 -1.32262
221.5 64.5 -1.7049
222 64.5 -1.66661
222.5 64.5 -1.34118
223 64.5 -1.03021
223.5 64.5 -1.52469
224 64.5 -1.3132
224.5 64.5 -1.38903
225 64.5 -1.53253
225.5 64.5 -1.30955
226 64.5 -1.55956
226.5 64.5 -1.08407
227 64.5 -1.62692
227.5 64.5 -1.50645
228 64.5 -1.48876
228.5 64.5 -1.50426
229 64.5 -1.31121
229.5 64.5 -1.8451
230 64.5 -1.40618
230.5 64.5 -1.90701
231 64.5 -1.45335
231.5 64.5 -1.69955
232 64.5 -1.3849
232.5 64.5 -1.07117
233 64.5 1.09659
189.5 65 0.231203
190 65 0.293782
190.5 65 0.884741
191 65 0.861415
191.5 65 0.477635
192 65 0.0865693
192.5 65 0.5719
193 65 0.0273844
193.5 65 -0.0820274
194 65 -0.221874
194.5 65 -0.25501
195 65 -0.571799
195.5 65 -0.0896461
196 65 -0.193545
196.5 65 -0.145484
197 65 -0.0361592
197.5 65 -0.436458
198 65 -0.164421
198.5 65 -0.117362
199 65 0.918858
199.5 65 0.360205
200 65 1.5187
200.5 65 3.50137
201 65 4.12702
201.5 65 4.67109
202 65 0.638837
202.5 65 0.068095
203 65 1.08763
203.5 65 1.3757
204 65 0.800968
204.5 65 0.145492
205 65 -0.164149
205.5 65 0.528571
206 65 0.365906
206.5 65 0.171191
207 65 -0.183909
207.5 65 -0.184607
208 65 -0.115693
208.5 65 -0.05575
209 65 -0.189371
209.5 65 -0.0918833
210 65 -0.33544
210.5 65 -0.0847604
211 65 -0.0811068
211.5 65 -0.330063
212 65 -0.301775
212.5 65 -0.447596
213 65 -0.09607
213.5 65 -0.477505
214 65 -0.244848
214.5 65 -0.308902
215 65 -0.682422
215.5 65 -0.733829
216 65 -0.719062
216.5 65 -0.630032
217 65 -0.886357
217.5 65 -0.297122
218 65 -0.111059
218.5 65 0.195297
219 65 -0.44908
219.5 65 -0.689823
220 65 -0.987956
220.5 65 -1.10339
221 65 -0.370921
221.5 65 -0.433605
222 65 -1.32123
222.5 65 -1.03823
223 65 -1.28878
223.5 65 -0.94733
224 65 -1.08179
224.5 65 -1.5354
225 65 -0.966559
225.5 65 -1.16799
226 65 2.94763
226.5 65 3.17176
227 65 2.82719
227.5 65 -0.222069
228 65 3.25007
228.5 65 1.70495
229 65 1.51265
229.5 65 0.992167
230 65 1.95736
230.5 65 -0.723485
231 65 2.64193
231.5 65 0.237893
232 65 3.50862
232.5 65 0.812882
233 65 2.95555
233.5 65 0.711309
190 65.5 0.675739
190.5 65.5 0.992665
191 65.5 1.22916
192.5 65.5 -0.169974
193 65.5 -0.175171
193.5 65.5 -0.178606
194 65.5 -0.0812862
194.5 65.5 -0.339589
195 65.5 -0.426877
195.5 65.5 -0.237406
196 65.5 -0.0776214
196.5 65.5 -0.298471
197 65.5 -0.350055
197.5 65.5 -0.18759
198 65.5 -0.204055
198.5 65.5 -0.345873
199 65.5 1.2697
199.5 65.5 1.05555
200 65.5 3.6582
200.5 65.5 3.59566
201 65.5 2.30714
201.5 65.5 4.07191
202 65.5 1.70909
202.5 65.5 0.587983
203 65.5 1.05485
203.5 65.5 1.02563
204 65.5 1.43849
204.5 65.5 0.206022
205 65.5 0.721406
205.5 65.5 0.990813
206 65.5 0.318964
206.5 65.5 -0.368015
207 65.5 -0.420348
207.5 65.5 -0.467257
208 65.5 -0.224442
208.5 65.5 -0.410997
209 65.5 -0.477927
209.5 65.5 -0.205987
210 65.5 -0.412241
210.5 65.5 -0.369342
211 65.5 -0.574335
211.5 65.5 -0.311922
212 65.5 -0.411732
212.5 65.5 -0.62967
213 65.5 -0.64672
213.5 65.5 -0.856771
214 65.5 -0.37845
214.5 65.5 -0.882427
215 65.5 -0.294355
215.5 65.5 0.211902
216 65.5 -0.234339
216.5 65.5 -0.430649
217 65.5 0.122695
217.5 65.5 -0.405888
218 65.5 1.17261
218.5 65.5 -0.609955
219 65.5 -0.595321
219.5 65.5 -1.10816
220 65.5 -1.18869
220.5 65.5 -1.182
221 65.5 -0.78575
221.5 65.5 -0.331314
222 65.5 -0.711682
222.5 65.5 -0.56209
223 65.5 -0.597191
223.5 65.5 -0.859661
224 65.5 -0.603862
224.5 65.5 -0.634007
225 65.5 -0.401219
225.5 65.5 -0.86341
226 65.5 2.84408
226.5 65.5 2.76627
227 65.5 4.05395
227.5 65.5 2.97449
228 65.5 2.08322
228.5 65.5 3.3615
229 65.5 1.44473
229.5 65.5 2.99184
230 65.5 4.06663
230.5 65.5 3.49607
231 65.5 3.30544
231.5 65.5 1.21501
232 65.5 3.41325
192.5 66 1.38373
193 66 0.546993
193.5 66 1.0465
194 66 1.07346
194.5 66 0.100079
195 66 0.142843
195.5 66 0.242731
196 66 0.0455542
196.5 66 0.882137
197 66 2.92691
197.5 66 1.70146
198 66 1.33674
198.5 66 2.18503
199 66 1.35905
199.5 66 2.9339
200 66 5.34656
200.5 66 4.36206
201 66 2.69602
201.5 66 1.16173
202 66 0.199613
202.5 66 -0.00889639
203 66 0.014963
203.5 66 -0.00765289
204 66 1.41269
204.5 66 0.445288
205 66 0.912215
205.5 66 3.50288
206 66 3.50184
206.5 66 4.71284
207 66 5.64062
207.5 66 7.23972
208 66 2.03687
208.5 66 1.35736
209 66 -0.566225
209.5 66 -0.267776
210 66 -0.267479
210.5 66 0.0246093
211 66 0.576586
211.5 66 -0.0551024
212 66 1.54458
212.5 66 1.2225
213 66 3.49215
213.5 66 1.30908
214 66 3.08641
214.5 66 2.64483
215 66 1.82249
215.5 66 1.2502
216 66 0.876101
216.5 66 0.978151
217 66 -0.22115
217.5 66 -0.181352
218 66 -0.304631
218.5 66 -0.494803
219 66 -0.539605
219.5 66 -0.867393
220 66 -0.882467
220.5 66 -0.60661
221 66 1.18304
221.5 66 2.838
222 66 0.16114
222.5 66 0.125992
223 66 -0.57144
223.5 66 -0.554146
224 66 0.00252472
224.5 66 -0.457664
225 66 8.03031
225.5 66 5.14056
226 66 4.917
226.5 66 6.28123
227 66 5.21069
227.5 66 5.92035
228 66 4.44877
228.5 66 4.92847
229 66 5.21618
229.5 66 5.33917
230 66 5.21967
230.5 66 3.86943
231 66 1.79441
231.5 66 3.6125
232 66 3.14975
232.5 66 2.95438
233 66 1.54744
233.5 66 0.846223
193 66.5 0.26413
193.5 66.5 1.4508
194 66.5 0.284385
194.5 66.5 0.0691521
195 66.5 0.554381
195.5 66.5 0.761867
196 66.5 0.160771
196.5 66.5 0.26032
197 66.5 0.893813
197.5 66.5 0.537556
198 66.5 0.22442
198.5 66.5 0.457599
199 66.5 1.37087
199.5 66.5 3.35336
200 66.5 2.1516
200.5 66.5 4.46705
201 66.5 1.58455
201.5 66.5 2.03892
202 66.5 0.0276939
202.5 66.5 0.0359666
203 66.5 -0.0088026
203.5 66.5 -0.0574479
204 66.5 0.748413
204.5 66.5 1.65745
205 66.5 2.34703
205.5 66.5 5.14442
206 66.5 2.27563
206.5 66.5 5.2455
207 66.5 5.96396
207.5 66.5 7.6522
208 66.5 1.23708
208.5 66.5 2.69796
209 66.5 -0.427321
209.5 66.5 -0.63652
210 66.5 -0.81953
210.5 66.5 -0.514251
211 66.5 -0.164059
211.5 66.5 -0.214277
212 66.5 0.770123
212.5 66.5 1.43274
213 66.5 3.65131
213.5 66.5 1.16385
214 66.5 3.11468
214.5 66.5 3.74341
215 66.5 1.23022
215.5 66.5 2.48896
216 66.5 1.78756
216.5 66.5 -0.0271157
217 66.5 -0.232122
217.5 66.5 -0.0489724
218 66.5 -0.244079
218.5 66.5 -0.460189
219 66.5 -0.320975
219.5 66.5 -0.573147
220 66.5 -0.582339
220.5 66.5 -0.538605
221 66.5 2.93478
221.5 66.5 0.534045
222 66.5 -0.0853198
222.5 66.5 -0.178558
223 66.5 -0.421973
223.5 66.5 -0.599476
224 66.5 -0.760034
224.5 66.5 0.150859
225 66.5 8.26596
225.5 66.5 5.48366
226 66.5 6.14029
226.5 66.5 8.3738
227 66.5 5.79494
227.5 66.5 6.84665
228 66.5 4.33429
228.5 66.5 4.6018
229 66.5 4.77416
229.5 66.5 5.0871
230 66.5 3.54371
230.5 66.5 2.48854
231 66.5 2.26722
231.5 66.5 4.34229
232 66.5 1.29107
232.5 66.5 0.756251
233 66.5 2.16829
193 67 1.94235
193.5 67 2.97187
194 67 0.0644221
194.5 67 2.23212
195 67 0.407196
195.5 67 0.0764872
197 67 0.0216049
197.5 67 0.0190136
198 67 0.0261071
198.5 67 -0.0427618
199 67 -0.135406
199.5 67 -0.0587182
200 67 0.103953
200.5 67 -0.0551034
201 67 -0.0119364
201.5 67 -0.124963
202 67 -0.0440857
202.5 67 -0.0194617
203 67 -0.437353
203.5 67 -0.308353
204 67 -0.322892
204.5 67 -0.335381
205 67 -0.218876
205.5 67 -0.273854
206 67 -0.487353
206.5 67 -0.389004
207 67 -0.464852
207.5 67 -0.463283
208 67 -0.348131
208.5 67 -0.231623
209 67 -0.386604
209.5 67 -0.456142
210 67 -0.586295
210.5 67 -0.767173
211 67 -0.923518
211.5 67 -0.689888
212 67 -0.573552
212.5 67 -0.454399
213 67 -0.199213
213.5 67 -0.163463
214 67 -0.134895
214.5 67 -0.146104
215 67 -0.137058
215.5 67 -0.158008
216 67 -0.173889
216.5 67 -0.170611
217 67 -0.21724
217.5 67 -0.25928
218 67 -0.37847
218.5 67 -0.4941
219 67 -0.420699
219.5 67 -0.312299
220 67 -0.570817
220.5 67 -0.585211
221 67 -0.472527
221.5 67 -0.427479
222 67 3.78927
222.5 67 4.40145
223 67 0.0423402
223.5 67 -0.569398
224 67 5.651
224.5 67 7.10052
225 67 5.20546
225.5 67 5.01926
226 67 4.32776
226.5 67 3.31113
227 67 3.42506
227.5 67 4.4603
228 67 3.46685
228.5 67 4.2072
229 67 2.62696
229.5 67 2.38675
230 67 2.45963
230.5 67 2.99973
231 67 2.27936
231.5 67 1.20741
232 67 0.143949
232.5 67 0.234703
233 67 0.169261
193.5 67.5 2.06072
194 67.5 1.06144
194.5 67.5 1.18417
195 67.5 0.284425
195.5 67.5 0.936321
196 67.5 0.298562
196.5 67.5 -0.193547
197 67.5 0.00314164
197.5 67.5 -0.0428278
198 67.5 -0.262097
198.5 67.5 -0.47299
199 67.5 -0.339048
199.5 67.5 -0.470805
200 67.5 -0.223235
200.5 67.5 -0.376483
201 67.5 -0.350542
201.5 67.5 -0.395892
202 67.5 -0.449056
202.5 67.5 -0.609717
203 67.5 -0.642685
203.5 67.5 -0.888943
204 67.5 -0.862182
204.5 67.5 -1.42342
205 67.5 -1.2912
205.5 67.5 -1.24456
206 67.5 -0.475219
206.5 67.5 -0.802908
207 67.5 -1.15172
207.5 67.5 -0.999501
208 67.5 -0.892908
208.5 67.5 -0.826853
209 67.5 -0.500047
209.5 67.5 -0.69643
210 67.5 -0.619642
210.5 67.5 -0.700733
211 67.5 -1.12344
211.5 67.5 -0.645842
212 67.5 -0.945148
212.5 67.5 -0.695841
213 67.5 -0.76084
213.5 67.5 -0.512751
214 67.5 -0.616349
214.5 67.5 -0.600162
215 67.5 -0.613197
215.5 67.5 -0.504922
216 67.5 -0.448165
216.5 67.5 -0.465293
217 67.5 -0.426797
217.5 67.5 -0.351886
218 67.5 -0.352223
218.5 67.5 -0.370518
219 67.5 -0.429405
219.5 67.5 -0.189167
220 67.5 0.0780924
220.5 67.5 -0.0411956
221 67.5 -0.330708
221.5 67.5 -0.295577
222 67.5 4.28743
222.5 67.5 3.30763
223 67.5 -0.0724426
223.5 67.5 -0.151737
224 67.5 1.7218
224.5 67.5 3.9236
225 67.5 4.1673
225.5 67.5 5.34793
226 67.5 4.30481
226.5 67.5 4.88616
227 67.5 2.80959
227.5 67.5 2.94928
228 67.5 3.74547
228.5 67.5 2.50183
229 67.5 1.69816
229.5 67.5 3.09336
230 67.5 0.333613
230.5 67.5 1.79259
231 67.5 1.37957
231.5 67.5 1.92707
232 67.5 2.38688
232.5 67.5 1.39294
233 67.5 -0.0689988
233.5 67.5 0.993308
234 67.5 0.736018
193.5 68 0.785355
194 68 2.82951
194.5 68 4.016
195 68 1.84818
195.5 68 9.78129
196 68 10.0261
196.5 68 8.55152
197 68 7.18166
197.5 68 8.87445
198 68 6.13498
198.5 68 7.52273
199 68 5.23623
199.5 68 2.52059
200 68 3.62925
200.5 68 4.99405
201 68 5.44553
201.5 68 2.90085
202 68 4.29415
202.5 68 2.26802
203 68 5.19062
203.5 68 5.86297
204 68 6.40651
204.5 68 4.91679
205 68 3.99757
205.5 68 5.40216
206 68 4.22675
206.5 68 5.48504
207 68 4.4076
207.5 68 5.1079
208 68 5.76213
208.5 68 6.37271
209 68 4.41763
209.5 68 -1.04959
210 68 3.62625
210.5 68 3.9058
211 68 -0.348347
211.5 68 -0.233338
212 68 -1.10111
212.5 68 -1.113
213 68 -0.747863
213.5 68 -0.991159
214 68 -0.610029
214.5 68 -0.912489
215 68 -0.686024
215.5 68 -0.6352
216 68 -0.643674
216.5 68 -0.58496
217 68 -0.496323
217.5 68 -0.638697
218 68 -0.399215
218.5 68 -0.702197
219 68 -0.0438281
219.5 68 -0.204941
220 68 -0.107118
220.5 68 0.378358
221 68 0.607926
221.5 68 1.00434
222 68 8.94019
222.5 68 8.47328
223 68 10.9675
223.5 68 11.7735
224 68 7.82617
224.5 68 7.50964
225 68 5.39724
225.5 68 3.62995
226 68 1.12769
226.5 68 0.634728
227 68 0.850138
227.5 68 0.729497
228 68 2.33675
228.5 68 1.07381
229 68 -0.126729
229.5 68 2.09673
230 68 1.65095
230.5 68 0.814699
231 68 0.561304
231.5 68 1.21365
232 68 1.50799
232.5 68 0.870735
233 68 0.829691
233.5 68 0.763696
234 68 -0.19084
194.5 68.5 0.784306
195 68.5 9.20926
195.5 68.5 12.8979
196 68.5 11.0176
196.5 68.5 11.1294
197 68.5 8.09007
197.5 68.5 8.72478
198 68.5 7.07567
198.5 68.5 5.26477
199 68.5 1.35181
199.5 68.5 3.26773
200 68.5 4.57482
200.5 68.5 4.43869
201 68.5 4.12205
201.5 68.5 2.45852
202 68.5 5.66595
202.5 68.5 5.00262
203 68.5 4.16902
203.5 68.5 5.92141
204 68.5 6.94387
204.5 68.5 6.23824
205 68.5 6.02563
205.5 68.5 6.46385
206 68.5 5.60299
206.5 68.5 5.68341
207 68.5 5.97547
207.5 68.5 4.27419
208 68.5 6.72712
208.5 68.5 6.70591
209 68.5 1.37407
209.5 68.5 3.22315
210 68.5 4.45085
210.5 68.5 3.83017
211 68.5 1.68726
211.5 68.5 1.97072
212 68.5 -1.14776
212.5 68.5 -1.54436
213 68.5 -1.38586
213.5 68.5 -1.28885
214 68.5 -1.12047
214.5 68.5 -1.18791
215 68.5 -1.18994
215.5 68.5 -1.21792
216 68.5 -0.902924
216.5 68.5 -1.26773
217 68.5 -1.05972
217.5 68.5 -0.76583
218 68.5 -0.866858
218.5 68.5 -0.693917
219 68.5 -0.511765
219.5 68.5 -0.0639378
220 68.5 -0.318236
220.5 68.5 0.122229
221 68.5 -0.400471
221.5 68.5 0.230899
222 68.5 7.00537
222.5 68.5 7.77684
223 68.5 10.3685
223.5 68.5 9.8858
224 68.5 6.72355
224.5 68.5 7.79988
225 68.5 6.01846
225.5 68.5 3.77141
226 68.5 0.488662
226.5 68.5 1.3689
227 68.5 1.79923
227.5 68.5 1.7904
228 68.5 1.71668
228.5 68.5 0.487093
229 68.5 0.745613
229.5 68.5 1.12601
230 68.5 1.53701
230.5 68.5 0.950272
231 68.5 1.38904
231.5 68.5 0.98173
232 68.5 1.67091
232.5 68.5 1.4783
233 68.5 0.689724
233.5 68.5 0.587024
234 68.5 0.696551
194.5 69 12.6263
195 69 12.4833
195.5 69 10.3508
196 69 5.5454
196.5 69 2.45274
197 69 11.5481
197.5 69 13.8246
198 69 12.1365
198.5 69 13.877
199 69 14.6369
199.5 69 13.9841
200 69 14.539
200.5 69 13.9516
201 69 14.182
201.5 69 14.9109
202 69 12.5484
202.5 69 12.7983
203 69 13.1301
203.5 69 13.1946
204 69 11.5229
204.5 69 8.39397
205 69 9.44687
205.5 69 8.81091
206 69 8.74088
206.5 69 9.56999
207 69 8.6454
207.5 69 7.78106
208 69 10.1307
208.5 69 10.3391
209 69 9.67553
209.5 69 10.3211
210 69 9.95368
210.5 69 9.31708
211 69 8.3615
211.5 69 7.84207
212 69 7.52195
212.5 69 7.52851
213 69 6.41441
213.5 69 5.08264
214 69 2.65391
214.5 69 4.04903
215 69 2.28849
215.5 69 2.28377
216 69 -0.592618
216.5 69 0.245239
217 69 0.156207
217.5 69 -0.118157
218 69 -0.639836
218.5 69 -1.06278
219 69 0.296952
219.5 69 2.71326
220 69 7.88089
220.5 69 6.03458
221.5 69 18.1491
222 69 19.4798
222.5 69 18.9271
223 69 19.7548
223.5 69 19.8673
224 69 19.0981
224.5 69 18.3953
225 69 13.3408
225.5 69 15.3589
226 69 11.6092
227 69 5.20055
227.5 69 4.41071
228 69 3.60329
228.5 69 3.37529
229 69 2.48628
229.5 69 1.84713
230 69 2.04706
230.5 69 2.10877
231 69 1.28368
231.5 69 1.79875
232 69 2.45742
232.5 69 1.25305
233 69 2.04744
233.5 69 1.95073
234 69 1.14484
234.5 69 0.828673
235 69 0.356359
195 69.5 10.311
198 69.5 14.8608
198.5 69.5 14.5761
199 69.5 14.3679
199.5 69.5 14.0685
200 69.5 14.4578
200.5 69.5 14.6014
201 69.5 14.9081
201.5 69.5 15.2687
202 69.5 13.5263
202.5 69.5 14.3853
203 69.5 13.6606
203.5 69.5 13.8004
204 69.5 11.2882
204.5 69.5 11.5024
205 69.5 12.258
205.5 69.5 8.78219
206 69.5 9.12679
206.5 69.5 9.10533
207 69.5 11.4072
207.5 69.5 11.3461
208 69.5 11.3752
208.5 69.5 11.0288
209 69.5 10.0197
209.5 69.5 10.3944
210 69.5 10.0216
210.5 69.5 8.63391
211 69.5 7.18289
211.5 69.5 6.4109
212 69.5 5.40207
212.5 69.5 7.19301
213 69.5 5.09596
213.5 69.5 5.42439
214 69.5 0.154016
214.5 69.5 2.15872
215 69.5 -0.190961
215.5 69.5 1.08424
216 69.5 0.97147
216.5 69.5 0.899549
217 69.5 0.518746
217.5 69.5 -0.0242738
218 69.5 0.559791
218.5 69.5 -0.0801002
219 69.5 1.78128
219.5 69.5 1.66784
220 69.5 1.59796
220.5 69.5 8.39165
221 69.5 16.354
221.5 69.5 17.8963
222 69.5 13.4778
222.5 69.5 19.1388
223 69.5 18.9691
223.5 69.5 21.0081
224 69.5 19.8869
224.5 69.5 13.0941
225 69.5 11.0815
225.5 69.5 13.6906
226 69.5 9.99066
226.5 69.5 11.6106
227 69.5 5.27021
227.5 69.5 3.23733
228 69.5 3.16699
228.5 69.5 0.408705
229 69.5 1.75987
229.5 69.5 2.97567
230 69.5 1.83896
230.5 69.5 1.6344
231 69.5 3.30583
231.5 69.5 1.71678
232 69.5 0.0957615
232.5 69.5 0.601637
233 69.5 0.851089
198 70 9.74944
198.5 70 8.61098
199 70 5.03489
199.5 70 4.74717
200 70 7.02821
200.5 70 8.56212
201 70 7.71896
201.5 70 6.67046
202 70 7.22668
202.5 70 6.81481
203 70 4.08665
203.5 70 2.03496
204 70 5.83499
204.5 70 5.56842
205 70 5.56237
205.5 70 6.90915
206 70 6.11986
206.5 70 5.42384
207 70 6.1259
207.5 70 5.03934
208 70 5.17757
208.5 70 5.33249
209 70 3.8169
209.5 70 2.79559
210 70 3.94653
210.5 70 3.92157
211 70 5.00607
211.5 70 5.54571
212 70 4.59637
212.5 70 4.45118
213 70 3.47227
213.5 70 7.44049
214 70 2.78802
214.5 70 5.48184
215 70 11.8462
215.5 70 11.3125
216 70 12.7585
216.5 70 14.5158
217 70 14.0132
217.5 70 16.4451
218 70 14.8055
218.5 70 12.1299
219 70 15.095
219.5 70 8.73722
220 70 15.899
220.5 70 20.6498
221 70 19.9894
221.5 70 5.6302
222 70 21.2958
222.5 70 17.8567
223 70 18.1321
223.5 70 17.6997
224 70 23.8072
224.5 70 23.5113
225 70 25.115
225.5 70 25.4126
226 70 25.041
226.5 70 24.7209
227 70 17.4853
227.5 70 14.4337
228 70 8.57769
228.5 70 12.4441
229 70 7.51869
229.5 70 8.58885
230 70 8.50461
230.5 70 5.69836
231 70 3.55694
231.5 70 4.15731
232 70 0.655364
232.5 70 0.364836
233 70 1.85104
233.5 70 1.39223
234 70 1.40226
234.5 70 0.796904
235 70 1.50242
202 70.5 7.20775
202.5 70.5 5.99938
203 70.5 4.93278
203.5 70.5 6.30923
204 70.5 7.48555
204.5 70.5 6.8004
205 70.5 7.48129
205.5 70.5 6.88175
206 70.5 7.11464
206.5 70.5 6.90808
207 70.5 5.0881
207.5 70.5 5.96111
208 70.5 3.81677
208.5 70.5 3.95437
209 70.5 2.61677
209.5 70.5 1.5534
210 70.5 4.61207
210.5 70.5 0.321905
211 70.5 7.43354
211.5 70.5 6.38108
212 70.5 7.52325
212.5 70.5 7.46362
213 70.5 7.59043
213.5 70.5 8.29811
214 70.5 9.36086
214.5 70.5 9.07905
215 70.5 14.5235
215.5 70.5 8.96539
216 70.5 14.3902
216.5 70.5 13.4705
217 70.5 17.7705
217.5 70.5 12.1877
218 70.5 18.9789
218.5 70.5 16.5244
219 70.5 20.5389
219.5 70.5 19.3075
220 70.5 16.0189
220.5 70.5 22.0103
221 70.5 19.1534
221.5 70.5 17.1985
222 70.5 18.0923
222.5 70.5 6.86261
223 70.5 4.79477
223.5 70.5 12.0188
224 70.5 5.15354
225 70.5 18.96
225.5 70.5 21.3889
226 70.5 23.9475
226.5 70.5 22.4039
227 70.5 12.4682
227.5 70.5 17.4043
228 70.5 12.7575
228.5 70.5 10.7592
229 70.5 3.40236
229.5 70.5 10.0042
230 70.5 5.01429
230.5 70.5 9.29254
231 70.5 4.3667
231.5 70.5 0.211954
232 70.5 0.886603
232.5 70.5 1.82913
233 70.5 2.92026
233.5 70.5 2.36962
234 70.5 2.03044
234.5 70.5 1.56841
235 70.5 1.15172
235.5 70.5 1.67012
236 70.5 1.63076
236.5 70.5 0.903671
237 70.5 1.33477
237.5 70.5 1.40752
202.5 71 1.84886
203 71 2.54829
203.5 71 1.28384
204 71 6.58636
205.5 71 5.75003
206 71 10.7369
206.5 71 2.55484
207 71 6.53767
207.5 71 5.9053
208 71 6.75777
208.5 71 7.18806
209 71 3.95978
209.5 71 1.99801
210 71 2.12799
210.5 71 3.6732
211 71 3.58061
211.5 71 0.986603
212 71 0.98305
212.5 71 3.00472
213 71 5.42805
213.5 71 5.00619
214 71 3.67582
214.5 71 2.56181
215 71 3.91619
215.5 71 3.51407
216 71 3.97959
216.5 71 10.6238
217 71 5.40133
217.5 71 7.81656
218 71 6.80115
218.5 71 3.61229
219 71 5.56648
219.5 71 7.5537
220 71 7.39472
220.5 71 5.05083
221 71 5.78705
221.5 71 5.54552
222 71 4.01981
222.5 71 5.78031
223 71 5.92048
223.5 71 4.86609
224 71 9.17041
224.5 71 4.83334
225 71 9.16824
225.5 71 14.8689
226 71 18.6212
226.5 71 14.4828
227 71 16.1497
227.5 71 17.6551
228 71 18.1216
228.5 71 19.3186
229 71 13.4769
229.5 71 14.2849
230 71 5.24328
230.5 71 9.41274
231 71 9.76906
231.5 71 8.49944
232 71 2.3741
232.5 71 4.00426
233 71 1.82389
233.5 71 3.56568
234 71 3.36309
234.5 71 2.17737
235 71 2.15355
235.5 71 1.33948
236 71 1.45336
236.5 71 0.932141
237 71 0.671613
237.5 71 1.27518
238 71 1.41684
210.5 71.5 6.30199
211 71.5 5.01441
211.5 71.5 5.47814
212 71.5 4.16055
212.5 71.5 7.63507
213 71.5 10.7345
214 71.5 5.65644
214.5 71.5 4.62665
215 71.5 4.51183
215.5 71.5 5.84872
216 71.5 3.76709
216.5 71.5 4.32751
217 71.5 5.6414
217.5 71.5 3.82859
218 71.5 4.51867
218.5 71.5 5.58709
219 71.5 10.4825
219.5 71.5 5.01225
220 71.5 7.71402
220.5 71.5 4.68366
221 71.5 6.6356
221.5 71.5 3.77878
222 71.5 5.01846
222.5 71.5 3.82784
223 71.5 12.4437
223.5 71.5 11.2399
224 71.5 10.5538
224.5 71.5 9.63338
225 71.5 20.9773
225.5 71.5 3.31788
226 71.5 11.7579
226.5 71.5 3.62444
227 71.5 17.1666
227.5 71.5 18.0073
228 71.5 14.8962
228.5 71.5 15.3083
229 71.5 10.6916
229.5 71.5 11.7113
230 71.5 5.04074
230.5 71.5 3.14724
231 71.5 8.38191
231.5 71.5 4.55321
232 71.5 5.74717
232.5 71.5 5.11641
233 71.5 0.666759
233.5 71.5 1.74265
234 71.5 1.77193
234.5 71.5 0.486168
235 71.5 0.745359
235.5 71.5 1.99769
236 71.5 1.62219
210.5 72 7.10498
211 72 3.71119
211.5 72 5.11309
212 72 3.45143
214.5 72 3.81776
215 72 3.99784
215.5 72 3.79858
216 72 3.24781
216.5 72 6.37411
217 72 4.20343
217.5 72 3.4116
218 72 4.44663
218.5 72 6.48452
219 72 4.93461
219.5 72 4.80402
220 72 6.67523
220.5 72 5.78406
221 72 10.6558
221.5 72 13.9498
222 72 5.52869
222.5 72 6.91826
223 72 12.028
223.5 72 13.6621
224 72 11.6176
224.5 72 9.58053
225 72 21.9632
225.5 72 2.22296
226 72 15.8887
226.5 72 4.63769
227 72 5.99837
227.5 72 11.1255
228 72 16.2731
228.5 72 19.5959
229 72 16.2068
229.5 72 15.2345
230 72 14.027
230.5 72 15.616
231 72 13.0784
231.5 72 16.3965
232 72 11.2612
232.5 72 10.7567
233 72 6.74216
233.5 72 3.22018
234 72 3.02777
234.5 72 4.95535
235 72 1.63157
235.5 72 2.7685
