195 54.5 0.95
196 54.5 1
230 54.5 0.85
231 54.5 0.95
232 54.5 1
197 55 0.95
198 55 0.975
199 55 1
200 55 1
229 55 0.9
230 55 0.925
231 55 0.975
232 55 1
198 55.5 0.825
199 55.5 1
200 55.5 1
201 55.5 0.975
228 55.5 1
229 55.5 0.975
230 55.5 0.875
231 55.5 0.925
232 55.5 0.975
199 56 0.9
200 56 1
201 56 1
202 56 0.825
203 56 0.775
204 56 0.975
205 56 0.975
227 56 0.9
228 56 1
229 56 0.775
230 56 0.85
231 56 0.95
199 56.5 1
201 56.5 0.925
202 56.5 0.825
203 56.5 0.682927
204 56.5 0.953488
205 56.5 0.95
206 56.5 0.975
226 56.5 0.85
227 56.5 0.975
228 56.5 0.6
229 56.5 0.866667
230 56.5 1
231 56.5 0.95
199 57 0.975
202 57 0.925
203 57 0.777778
204 57 0.840909
205 57 0.883721
206 57 0.925
207 57 0.875
225 57 0.85
226 57 0.875
227 57 0.925
228 57 0.511111
229 57 1
230 57 1
191 57.5 0.95
200 57.5 0.275
202 57.5 0.954545
203 57.5 0.911111
204 57.5 0.75
205 57.5 0.844444
206 57.5 0.95
207 57.5 0.925
208 57.5 0.95
209 57.5 0.85
224 57.5 0.875
225 57.5 0.95
226 57.5 0.975
227 57.5 0.733333
228 57.5 0.666667
229 57.5 1
230 57.5 0.975
236 57.5 1
193 58 0.975
200 58 0.9
201 58 0.733333
202 58 0.888889
203 58 0.955556
204 58 0.977778
205 58 0.933333
206 58 0.911111
207 58 1
208 58 0.9
209 58 0.95
210 58 0.9
222 58 0.675
223 58 0.925
224 58 0.975
225 58 0.925
226 58 0.933333
227 58 0.822222
228 58 0.866667
229 58 0.925
230 58 1
235 58 0.975
236 58 0.95
237 58 0.975
194 58.5 1
195 58.5 1
200 58.5 0.8
201 58.5 0.975
202 58.5 0.975
203 58.5 0.911111
204 58.5 0.866667
205 58.5 0.866667
206 58.5 0.911111
207 58.5 0.866667
208 58.5 1
209 58.5 0.9
210 58.5 0.925
211 58.5 0.8
212 58.5 0.65
221 58.5 0.5
222 58.5 0.75
223 58.5 0.875
224 58.5 0.844444
225 58.5 0.955556
226 58.5 0.644444
227 58.5 0.822222
228 58.5 0.933333
229 58.5 1
234 58.5 0.925
235 58.5 0.9
196 59 0.95
197 59 0.9
198 59 0.925
199 59 0.925
200 59 0.9
201 59 0.925
202 59 1
203 59 0.866667
204 59 0.933333
205 59 0.955556
206 59 0.955556
207 59 0.911111
208 59 0.925
209 59 0.925
210 59 0.8
211 59 0.75
212 59 0.75
213 59 0.725
220 59 0.65
221 59 0.725
222 59 0.8
223 59 0.875
224 59 0.822222
225 59 0.844444
226 59 0.933333
227 59 0.977778
228 59 1
229 59 1
230 59 1
231 59 0.95
232 59 0.975
233 59 0.9
234 59 0.925
235 59 0.8
236 59 0.75
196 59.5 0.975
197 59.5 0.9
198 59.5 0.925
199 59.5 0.955556
200 59.5 0.866667
201 59.5 0.911111
202 59.5 0.822222
203 59.5 0.711111
204 59.5 1
205 59.5 0.888889
206 59.5 0.911111
207 59.5 0.4
208 59.5 0.825
209 59.5 0.875
210 59.5 0.925
211 59.5 0.875
212 59.5 0.775
213 59.5 0.775
214 59.5 0.925
215 59.5 0.825
216 59.5 0.675
217 59.5 0.85
218 59.5 0.8
219 59.5 0.85
220 59.5 0.7
221 59.5 0.775
222 59.5 0.875
223 59.5 0.9
224 59.5 0.933333
225 59.5 0.977778
226 59.5 0.933333
227 59.5 0.975
228 59.5 1
229 59.5 1
230 59.5 0.975
231 59.5 0.975
197 60 1
198 60 0.975
199 60 1
200 60 0.955556
201 60 1
202 60 0.977778
203 60 0.977778
204 60 0.933333
205 60 0.822222
206 60 0.866667
207 60 0.977778
208 60 0.844444
209 60 0.911111
210 60 0.755556
211 60 0.755556
212 60 0.533333
213 60 0.466667
214 60 0.65
215 60 0.625
216 60 0.7
217 60 0.711111
218 60 0.8
219 60 0.8
220 60 0.875
221 60 0.888889
222 60 0.933333
223 60 0.8
224 60 0.955556
225 60 0.866667
226 60 0.844444
227 60 0.975
228 60 1
229 60 1
230 60 1
194 60.5 1
195 60.5 1
196 60.5 0.930233
197 60.5 0.977273
198 60.5 0.888889
199 60.5 0.822222
200 60.5 1
201 60.5 1
202 60.5 0.933333
203 60.5 0.888889
204 60.5 0.933333
205 60.5 0.888889
206 60.5 0.955556
207 60.5 0.844444
208 60.5 0.888889
209 60.5 0.422222
210 60.5 0.688889
211 60.5 0.711111
212 60.5 0.355556
213 60.5 0.622222
214 60.5 0.488889
215 60.5 0.8
216 60.5 0.844444
217 60.5 0.844444
218 60.5 0.644444
219 60.5 0.911111
220 60.5 0.888889
221 60.5 0.933333
222 60.5 0.866667
223 60.5 0.866667
224 60.5 0.866667
225 60.5 0.955556
226 60.5 1
227 60.5 1
228 60.5 1
229 60.5 1
195 61 0.975
196 61 0.534884
197 61 0.822222
198 61 0.844444
199 61 0.866667
200 61 0.955556
201 61 0.977778
202 61 1
203 61 0.911111
204 61 0.844444
205 61 0.933333
206 61 0.8
207 61 0.8
208 61 0.844444
209 61 0.733333
210 61 0.644444
211 61 0.533333
212 61 0.755556
213 61 0.6
214 61 0.777778
215 61 0.555556
216 61 0.444444
217 61 0.511111
218 61 0.733333
219 61 0.911111
220 61 0.911111
221 61 0.866667
222 61 0.933333
223 61 0.933333
224 61 0.933333
225 61 0.888889
226 61 0.688889
227 61 1
228 61 1
229 61 1
195 61.5 1
196 61.5 0.744186
197 61.5 0.888889
198 61.5 0.933333
199 61.5 0.711111
200 61.5 0.933333
201 61.5 0.911111
202 61.5 0.977778
203 61.5 0.866667
204 61.5 0.8
205 61.5 0.955556
206 61.5 0.844444
207 61.5 0.688889
208 61.5 0.933333
209 61.5 0.733333
210 61.5 0.733333
211 61.5 0.777778
212 61.5 0.844444
213 61.5 0.844444
214 61.5 0.777778
215 61.5 0.577778
216 61.5 0.488889
217 61.5 0.822222
218 61.5 0.822222
219 61.5 0.711111
220 61.5 0.844444
221 61.5 0.866667
222 61.5 0.933333
223 61.5 0.888889
224 61.5 0.955556
225 61.5 1
226 61.5 0.975
227 61.5 1
228 61.5 0.975
229 61.5 0.975
195 62 1
196 62 1
197 62 0.955556
198 62 1
199 62 0.955556
200 62 0.666667
201 62 0.911111
202 62 0.911111
203 62 0.844444
204 62 0.911111
205 62 0.888889
206 62 0.888889
207 62 0.844444
208 62 0.888889
209 62 0.911111
210 62 0.911111
211 62 0.888889
212 62 0.577778
213 62 0.933333
214 62 0.733333
215 62 0.6
216 62 0.777778
217 62 0.888889
218 62 0.888889
219 62 0.622222
220 62 0.644444
221 62 0.933333
222 62 0.8
223 62 0.466667
224 62 0.933333
225 62 0.911111
226 62 1
227 62 0.975
228 62 0.975
229 62 0.975
230 62 0.925
195 62.5 0.977778
196 62.5 1
197 62.5 0.977778
198 62.5 1
199 62.5 0.933333
200 62.5 0.711111
201 62.5 0.844444
202 62.5 0.822222
203 62.5 0.955556
204 62.5 0.911111
205 62.5 0.977778
206 62.5 0.933333
207 62.5 0.777778
208 62.5 0.955556
209 62.5 0.755556
210 62.5 0.869565
211 62.5 0.934783
212 62.5 0.888889
213 62.5 0.913043
214 62.5 0.644444
215 62.5 0.8
216 62.5 0.688889
217 62.5 0.688889
218 62.5 0.755556
219 62.5 0.777778
220 62.5 0.888889
221 62.5 0.933333
222 62.5 0.777778
223 62.5 0.909091
224 62.5 1
225 62.5 1
226 62.5 0.975
227 62.5 0.975
228 62.5 0.975
229 62.5 0.975
230 62.5 0.95
192 63 1
193 63 1
194 63 1
195 63 1
196 63 0.975
197 63 0.933333
198 63 1
199 63 1
200 63 1
201 63 1
202 63 0.977778
203 63 0.977778
204 63 0.955556
205 63 0.933333
206 63 0.866667
207 63 0.733333
208 63 0.933333
209 63 0.934783
210 63 0.934783
211 63 0.826087
212 63 0.891304
213 63 0.847826
214 63 0.533333
215 63 0.711111
216 63 0.717391
217 63 0.8
218 63 0.933333
219 63 1
220 63 0.888889
221 63 0.955556
222 63 0.866667
223 63 0.976744
224 63 1
225 63 1
226 63 0.975
227 63 0.975
228 63 0.975
229 63 1
191 63.5 1
192 63.5 1
193 63.5 0.975
194 63.5 1
195 63.5 1
196 63.5 0.466667
197 63.5 0.466667
198 63.5 0.688889
199 63.5 0.911111
200 63.5 0.933333
201 63.5 0.911111
202 63.5 0.977778
203 63.5 0.933333
204 63.5 0.777778
205 63.5 0.6
206 63.5 0.777778
207 63.5 0.822222
208 63.5 0.888889
209 63.5 0.955556
210 63.5 0.911111
211 63.5 0.866667
212 63.5 0.844444
213 63.5 0.804348
214 63.5 0.888889
215 63.5 0.822222
216 63.5 0.555556
217 63.5 0.688889
218 63.5 0.822222
219 63.5 0.955556
220 63.5 0.933333
221 63.5 1
222 63.5 0.933333
223 63.5 0.955556
224 63.5 1
225 63.5 1
226 63.5 1
227 63.5 1
228 63.5 1
229 63.5 1
190 64 1
191 64 1
192 64 0.9
193 64 0.8
194 64 0.975
195 64 1
196 64 0.863636
197 64 0.777778
198 64 0.911111
199 64 0.8
200 64 0.866667
201 64 0.977778
202 64 0.977778
203 64 0.977778
204 64 0.933333
205 64 0.955556
206 64 0.844444
207 64 0.888889
208 64 0.891304
209 64 1
210 64 0.933333
211 64 0.933333
212 64 0.955556
213 64 0.844444
214 64 0.911111
215 64 0.888889
216 64 0.644444
217 64 0.977778
218 64 0.844444
219 64 0.666667
220 64 0.688889
221 64 0.911111
222 64 1
223 64 0.933333
224 64 0.953488
225 64 0.9
226 64 1
227 64 1
228 64 1
193 64.5 0.933333
194 64.5 1
195 64.5 1
196 64.5 1
197 64.5 0.644444
198 64.5 0.511111
199 64.5 0.866667
200 64.5 0.888889
201 64.5 0.755556
202 64.5 0.733333
203 64.5 0.955556
204 64.5 0.977778
205 64.5 0.911111
206 64.5 0.866667
207 64.5 0.977778
208 64.5 0.888889
209 64.5 0.933333
210 64.5 0.822222
211 64.5 0.977778
212 64.5 0.955556
213 64.5 0.888889
214 64.5 0.933333
215 64.5 0.911111
216 64.5 0.977778
217 64.5 0.955556
218 64.5 0.977778
219 64.5 0.866667
220 64.5 0.866667
221 64.5 0.977778
222 64.5 0.933333
223 64.5 0.977778
224 64.5 1
225 64.5 1
226 64.5 1
227 64.5 1
228 64.5 1
193 65 1
194 65 1
195 65 1
196 65 0.933333
197 65 0.911111
198 65 0.822222
199 65 0.933333
200 65 0.844444
201 65 0.977778
202 65 0.933333
203 65 0.933333
204 65 0.955556
205 65 0.822222
206 65 0.888889
207 65 0.866667
208 65 0.777778
209 65 0.955556
210 65 0.866667
211 65 1
212 65 0.911111
213 65 0.733333
214 65 0.913043
215 65 0.933333
216 65 0.888889
217 65 0.888889
218 65 0.977778
219 65 0.933333
220 65 1
221 65 0.911111
222 65 0.955556
223 65 0.955556
224 65 0.975
225 65 1
226 65 0.975
227 65 1
228 65 1
192 65.5 1
193 65.5 1
194 65.5 1
195 65.5 1
196 65.5 1
197 65.5 0.933333
198 65.5 0.933333
199 65.5 0.711111
200 65.5 0.866667
201 65.5 0.866667
202 65.5 0.688889
203 65.5 0.644444
204 65.5 0.822222
205 65.5 0.888889
206 65.5 0.8
207 65.5 0.955556
208 65.5 0.977778
209 65.5 0.933333
210 65.5 0.977778
211 65.5 0.911111
212 65.5 0.888889
213 65.5 0.8
214 65.5 0.577778
215 65.5 0.888889
216 65.5 1
217 65.5 0.911111
218 65.5 0.977778
219 65.5 0.866667
220 65.5 0.888889
221 65.5 0.955556
222 65.5 0.977778
223 65.5 0.977778
224 65.5 1
225 65.5 0.975
226 65.5 1
227 65.5 1
228 65.5 1
231 65.5 1
195 66 1
196 66 1
197 66 1
198 66 0.755556
199 66 0.755556
200 66 0.822222
201 66 0.844444
202 66 0.933333
203 66 0.888889
204 66 0.866667
205 66 0.711111
206 66 0.844444
207 66 0.755556
208 66 0.911111
209 66 0.955556
210 66 0.955556
211 66 0.955556
212 66 0.888889
213 66 0.666667
214 66 0.666667
215 66 0.911111
216 66 1
217 66 0.911111
218 66 0.911111
219 66 0.977778
220 66 0.977778
221 66 0.933333
222 66 0.977778
223 66 0.577778
224 66 0.642857
225 66 0.95122
226 66 1
227 66 1
228 66 1
229 66 1
230 66 1
195 66.5 0.977778
196 66.5 0.822222
197 66.5 0.590909
198 66.5 0.488889
199 66.5 0.6
200 66.5 0.511111
201 66.5 0.777778
202 66.5 0.911111
203 66.5 1
204 66.5 0.8
205 66.5 0.688889
206 66.5 0.822222
207 66.5 0.8
208 66.5 0.911111
209 66.5 0.8
210 66.5 0.911111
211 66.5 0.977778
212 66.5 0.666667
213 66.5 0.533333
214 66.5 0.844444
215 66.5 0.8
216 66.5 0.866667
217 66.5 0.955556
218 66.5 0.977778
219 66.5 0.822222
220 66.5 0.777778
221 66.5 0.977778
222 66.5 0.911111
223 66.5 0.955556
224 66.5 0.952381
225 66.5 0.925
226 66.5 1
227 66.5 1
228 66.5 1
229 66.5 1
230 66.5 0.975
195 67 0.933333
196 67 0.711111
197 67 0.55814
198 67 0.545455
199 67 0.888889
200 67 0.822222
201 67 0.955556
202 67 0.955556
203 67 0.933333
204 67 0.955556
205 67 1
206 67 1
207 67 0.911111
208 67 0.844444
209 67 0.977778
210 67 0.977778
211 67 0.977778
212 67 0.755556
213 67 0.488889
214 67 0.911111
215 67 0.866667
216 67 0.777778
217 67 0.844444
218 67 0.933333
219 67 1
220 67 0.931818
221 67 0.866667
222 67 0.866667
223 67 1
224 67 0.4
225 67 1
226 67 1
227 67 1
228 67 1
229 67 1
230 67 1
196 67.5 0.697674
197 67.5 0.627907
198 67.5 0.866667
199 67.5 0.933333
200 67.5 0.954545
201 67.5 0.733333
202 67.5 0.931818
203 67.5 0.795455
204 67.5 1
205 67.5 0.888889
206 67.5 0.866667
207 67.5 0.933333
208 67.5 0.844444
209 67.5 0.844444
210 67.5 0.933333
211 67.5 0.8
212 67.5 0.755556
213 67.5 0.955556
214 67.5 1
215 67.5 0.977778
216 67.5 0.866667
217 67.5 0.844444
218 67.5 0.888889
219 67.5 0.955556
220 67.5 0.840909
221 67.5 0.822222
222 67.5 0.95122
223 67.5 1
224 67.5 0.97619
225 67.5 1
226 67.5 1
227 67.5 1
228 67.5 0.975
229 67.5 0.975
230 67.5 0.975
195 68 1
196 68 1
197 68 0.95
198 68 0.95
199 68 1
200 68 1
201 68 0.933333
202 68 0.840909
203 68 0.888889
204 68 0.933333
205 68 0.955556
206 68 0.911111
207 68 1
208 68 0.977778
209 68 0.977778
210 68 0.955556
211 68 0.644444
212 68 0.822222
213 68 0.955556
214 68 0.8
215 68 0.888889
216 68 0.866667
217 68 0.8
218 68 0.911111
219 68 0.955556
220 68 1
221 68 0.840909
222 68 1
223 68 1
224 68 1
225 68 1
226 68 1
227 68 1
228 68 0.975
229 68 0.95
230 68 0.975
231 68 1
232 68 1
233 68 1
195 68.5 0.975
196 68.5 0.975
197 68.5 0.95
198 68.5 1
199 68.5 0.880952
200 68.5 0.822222
201 68.5 0.555556
202 68.5 0.822222
203 68.5 0.911111
204 68.5 0.955556
205 68.5 0.733333
206 68.5 0.622222
207 68.5 0.955556
208 68.5 0.911111
209 68.5 0.955556
210 68.5 0.688889
211 68.5 0.644444
212 68.5 0.755556
213 68.5 0.911111
214 68.5 0.6
215 68.5 1
216 68.5 0.933333
217 68.5 0.888889
218 68.5 0.666667
219 68.5 0.8
220 68.5 0.909091
221 68.5 0.95122
222 68.5 1
223 68.5 1
224 68.5 1
225 68.5 1
226 68.5 1
227 68.5 1
228 68.5 0.95
229 68.5 0.95
230 68.5 0.975
231 68.5 1
232 68.5 1
233 68.5 1
234 68.5 1
235 68.5 1
197 69 0.95
198 69 0.825
199 69 0.863636
200 69 0.711111
201 69 0.386364
202 69 0.511111
203 69 0.711111
204 69 0.955556
205 69 0.844444
206 69 0.977273
207 69 0.977778
208 69 0.911111
209 69 0.755556
210 69 0.866667
211 69 0.6
212 69 0.888889
213 69 0.977778
214 69 1
215 69 0.955556
216 69 0.755556
217 69 0.911111
218 69 0.866667
219 69 0.97619
220 69 0.955556
221 69 0.860465
222 69 0.95
223 69 0.95
224 69 0.925
225 69 0.95
226 69 0.975
227 69 1
228 69 1
229 69 1
230 69 0.975
231 69 1
232 69 1
233 69 1
199 69.5 0.925
200 69.5 0.45
201 69.5 0.625
202 69.5 0.925
203 69.5 0.975
204 69.5 0.955556
205 69.5 0.844444
206 69.5 0.933333
207 69.5 0.933333
208 69.5 0.888889
209 69.5 0.8
210 69.5 0.644444
211 69.5 0.911111
212 69.5 0.977778
213 69.5 0.977778
214 69.5 0.977778
215 69.5 0.911111
216 69.5 0.977778
217 69.5 0.975
218 69.5 0.95
219 69.5 0.925
220 69.5 0.925
221 69.5 1
222 69.5 0.975
223 69.5 0.95
224 69.5 0.925
225 69.5 0.9
226 69.5 1
227 69.5 0.975
228 69.5 0.95
229 69.5 0.975
230 69.5 0.975
231 69.5 0.975
232 69.5 0.975
200 70 0.95
201 70 1
202 70 0.95
203 70 0.95
204 70 1
205 70 0.731707
206 70 0.575
207 70 0.975
208 70 0.975
209 70 1
210 70 1
211 70 1
212 70 0.975
213 70 0.95
214 70 0.95
215 70 0.95
228 70 0.95
229 70 0.925
230 70 0.975
231 70 0.975
202 70.5 0.975
203 70.5 0.925
204 70.5 0.8
205 70.5 1
206 70.5 1
207 70.5 1
229 70.5 1
230 70.5 1
231 70.5 1
203 71 0.9
204 71 0.975
