194 54.5 2.55771
195 54.5 0.89237
228 54.5 1
229 54.5 1
230 54.5 1.46313
194 55 1.48958
195 55 1.17563
196 55 1.12221
197 55 1.15496
200 55 0.984122
228 55 1
229 55 1.23867
230 55 1.2866
193 55.5 1
194 55.5 1.49617
195 55.5 1.45453
196 55.5 1.08579
197 55.5 1.69535
198 55.5 1.42536
200 55.5 0.790798
201 55.5 0.626071
228 55.5 0.989669
229 55.5 1.13788
194 56 1.65106
195 56 1.58214
196 56 1.38071
197 56 1.40704
198 56 1.65354
199 56 1.36534
200 56 1.17962
201 56 1.20925
202 56 1.41018
227 56 1.14049
228 56 1.26145
229 56 1.28294
230 56 1.48888
194 56.5 1.47573
195 56.5 1.59129
196 56.5 1.81014
197 56.5 1.47517
198 56.5 2.17244
199 56.5 1.48392
200 56.5 1.54488
201 56.5 2.00226
202 56.5 2.24697
203 56.5 1.36459
226 56.5 1.27881
227 56.5 1.67955
228 56.5 2.10559
229 56.5 2.65063
230 56.5 1.66285
190 57 1
193 57 1.54639
194 57 1.55305
195 57 1.56926
196 57 2.02513
197 57 2.34207
198 57 2.02025
199 57 1.89108
200 57 2.17392
201 57 2.02142
202 57 2.51301
203 57 2.01147
204 57 1.2163
205 57 1.2712
225 57 1.27936
226 57 1.38185
227 57 1.82697
228 57 2.3044
229 57 1.58563
230 57 1.53853
190 57.5 0.757046
191 57.5 1.32428
192 57.5 1.29976
193 57.5 1.38318
194 57.5 1.58705
195 57.5 1.40343
196 57.5 1.68149
197 57.5 1.77752
198 57.5 1.42887
199 57.5 1.17758
200 57.5 1.44541
201 57.5 1.59137
202 57.5 2.32644
203 57.5 1.82964
204 57.5 1.67148
205 57.5 1.17612
222 57.5 1
223 57.5 1
224 57.5 1.45667
225 57.5 1.56588
226 57.5 1.59386
227 57.5 1.18783
228 57.5 1.61153
229 57.5 1.17426
230 57.5 1.0703
190 58 1
191 58 0.998354
192 58 1.65493
193 58 1.76835
194 58 1.64997
195 58 1.53899
196 58 1.53931
197 58 1.81359
198 58 1.46651
199 58 1.43657
200 58 1.75948
201 58 1.90707
202 58 2.32545
203 58 1.91517
204 58 0.69993
205 58 1.23737
206 58 1.51516
207 58 1.2209
208 58 1.44346
221 58 3.25219
222 58 1.57335
223 58 1.66118
224 58 2.19614
225 58 1.76823
226 58 1.06882
227 58 1.12994
228 58 1.29475
229 58 0.905702
230 58 1.04049
190 58.5 1
191 58.5 1.09843
192 58.5 1.30442
193 58.5 1.89636
194 58.5 1.83002
195 58.5 1.52904
196 58.5 1.38344
197 58.5 1.40181
198 58.5 1.29426
199 58.5 1.23896
200 58.5 1.4372
201 58.5 2.13233
202 58.5 2.69088
203 58.5 1.69786
204 58.5 0.76562
205 58.5 0.858617
206 58.5 0.866815
207 58.5 1.46018
208 58.5 1.44816
209 58.5 1.81271
219 58.5 5.15541
220 58.5 2.43095
221 58.5 2.37741
222 58.5 1.65606
223 58.5 1.6291
224 58.5 1.08536
225 58.5 1.1992
226 58.5 1.77301
227 58.5 1.53554
228 58.5 1.69483
229 58.5 0.905154
190 59 1
191 59 1
192 59 1.10172
193 59 1.24677
194 59 1.6145
195 59 1.74694
196 59 1.23439
197 59 1.48941
198 59 1.72428
199 59 1.42911
200 59 1.34852
201 59 1.83483
202 59 2.5112
203 59 0.885135
204 59 1.29845
205 59 1.29883
206 59 1.181
207 59 1.76327
208 59 1.72828
209 59 2.88415
210 59 2.5518
211 59 1.7539
212 59 1.58634
218 59 3.55896
219 59 2.84079
220 59 3.28259
221 59 2.97839
222 59 3.03129
223 59 2.53465
224 59 1.21787
225 59 0.967112
226 59 1.3613
227 59 1.95094
228 59 2.0112
229 59 1.10934
235 59 1
236 59 1
191 59.5 1
192 59.5 0.915949
193 59.5 1.53435
194 59.5 1.25142
195 59.5 1.61487
196 59.5 1.43818
197 59.5 1.47371
198 59.5 1.63923
199 59.5 1.30246
200 59.5 1.70755
201 59.5 1.22907
202 59.5 1.34296
203 59.5 1.14666
204 59.5 1.37961
205 59.5 1.33573
206 59.5 0.850929
207 59.5 1.17775
208 59.5 2.20583
209 59.5 4.45656
210 59.5 3.99994
211 59.5 2.84648
212 59.5 1.54201
213 59.5 1.65058
214 59.5 1.12095
215 59.5 1.80013
216 59.5 1.92529
217 59.5 1.16026
218 59.5 1.6638
219 59.5 3.2474
220 59.5 3.36883
221 59.5 3.51333
222 59.5 2.66357
223 59.5 1.12343
224 59.5 0.947482
225 59.5 1.04626
226 59.5 1.76439
227 59.5 1.94375
228 59.5 1.92971
229 59.5 2.05945
230 59.5 1.74742
235 59.5 1
191 60 1
192 60 0.878774
193 60 1.96654
194 60 1.11118
195 60 1.68271
196 60 1.9284
197 60 2.18998
198 60 1.10413
199 60 1.03212
200 60 1.26954
201 60 1.72615
202 60 1.66973
203 60 1.759
204 60 1.92138
205 60 1.15119
206 60 1.58284
207 60 1.84727
208 60 2.37603
209 60 2.38481
210 60 3.44544
211 60 1.75755
212 60 1.75945
213 60 2.29792
214 60 2.35447
215 60 1.77799
216 60 1.90807
217 60 1.56691
218 60 1.05871
219 60 2.29443
220 60 2.04043
221 60 0.983547
222 60 0.958629
223 60 1.04353
224 60 0.859152
225 60 1.28304
226 60 1.55286
227 60 2.13569
228 60 1.95844
229 60 1.80408
230 60 1.70106
192 60.5 1
193 60.5 1.5052
194 60.5 0.91575
195 60.5 1.77475
196 60.5 2.07111
197 60.5 2.22193
198 60.5 1.20887
199 60.5 1.63649
200 60.5 0.919444
201 60.5 2.24507
202 60.5 3.0656
203 60.5 3.49497
204 60.5 2.32642
205 60.5 2.36815
206 60.5 2.10599
207 60.5 2.75873
208 60.5 2.71624
209 60.5 2.17889
210 60.5 2.51007
211 60.5 2.34871
212 60.5 1.53016
213 60.5 0.668207
214 60.5 2.20787
215 60.5 1.99886
216 60.5 1.15229
217 60.5 1.8539
218 60.5 1.21853
219 60.5 1.81533
220 60.5 1.33724
221 60.5 1.02147
222 60.5 0.905306
223 60.5 0.780962
224 60.5 0.97029
225 60.5 0.900614
226 60.5 1.53586
227 60.5 1.6272
228 60.5 1.42003
229 60.5 1.35832
230 60.5 1.23485
231 60.5 1.10632
192 61 1
193 61 0.429683
194 61 0.665234
195 61 0.682717
196 61 2.21641
197 61 1.23257
198 61 1.07355
199 61 1.20186
200 61 1.08349
201 61 2.0614
202 61 3.1455
203 61 4.57059
204 61 3.04314
205 61 3.61026
206 61 3.66824
207 61 2.85108
208 61 2.07951
209 61 2.27549
210 61 3.12074
211 61 3.28675
212 61 1.98911
213 61 2.81847
214 61 1.84519
215 61 1.85371
216 61 2.50016
217 61 1.62578
218 61 0.762007
219 61 0.622032
220 61 0.962215
221 61 0.83761
222 61 0.817533
223 61 1.12503
224 61 0.606138
225 61 1.04045
226 61 1.47861
227 61 1.20462
228 61 1.14627
229 61 1.13202
230 61 1.07654
192 61.5 1
193 61.5 0.544277
194 61.5 0.599531
195 61.5 0.613831
196 61.5 1.82155
197 61.5 1.66695
198 61.5 0.963686
199 61.5 1.09433
200 61.5 1.14792
201 61.5 1.28274
202 61.5 2.74139
203 61.5 3.94196
204 61.5 4.48201
205 61.5 2.10298
206 61.5 3.59464
207 61.5 2.33446
208 61.5 1.43521
209 61.5 1.49254
210 61.5 3.23391
211 61.5 2.18146
212 61.5 2.2204
213 61.5 2.79218
214 61.5 3.86992
215 61.5 2.89664
216 61.5 2.03948
217 61.5 1.73845
218 61.5 1.19313
219 61.5 1.49892
220 61.5 1.19711
221 61.5 1.38233
222 61.5 1.30908
223 61.5 2.10368
224 61.5 1.23725
225 61.5 1.27471
226 61.5 1.47249
227 61.5 1.10593
228 61.5 1.08085
229 61.5 1.15094
230 61.5 1.09678
231 61.5 1.04637
192 62 1
193 62 0.851826
194 62 0.847833
195 62 1.10848
196 62 1.79889
197 62 1.72235
198 62 1.62433
199 62 1.34348
200 62 1.59274
201 62 1.65352
202 62 2.35158
203 62 3.12043
204 62 3.71773
205 62 1.17734
206 62 2.17905
207 62 2.23006
208 62 2.00881
209 62 2.52338
210 62 3.28394
211 62 2.74339
212 62 1.98356
213 62 1.54292
214 62 1.61853
215 62 2.85273
216 62 2.34962
217 62 1.77245
218 62 1.40798
219 62 1.70594
220 62 1.68316
221 62 1.90956
222 62 2.13351
223 62 2.54007
224 62 1.9016
225 62 1.56577
226 62 1.34697
227 62 1.23749
228 62 1.25346
229 62 1.2303
230 62 1.16289
193 62.5 0.887188
194 62.5 0.989993
195 62.5 1.9624
196 62.5 1.97532
197 62.5 1.94719
198 62.5 2.83693
199 62.5 2.43709
200 62.5 3.04312
201 62.5 2.19236
202 62.5 1.5774
203 62.5 1.85425
204 62.5 3.42374
205 62.5 2.83857
206 62.5 1.65966
207 62.5 3.17268
208 62.5 2.62261
209 62.5 2.79974
210 62.5 3.39347
211 62.5 2.71376
212 62.5 2.3436
213 62.5 1.38237
214 62.5 1.3611
215 62.5 1.70065
216 62.5 2.30292
217 62.5 2.11087
218 62.5 1.9304
219 62.5 1.95759
220 62.5 1.85985
221 62.5 2.01873
222 62.5 2.74743
223 62.5 1.8323
224 62.5 1.87451
225 62.5 1.61181
226 62.5 1.372
227 62.5 1.27834
228 62.5 1.28622
229 62.5 1.26451
230 62.5 1.17499
191 63 1.16872
192 63 1.02959
193 63 1.19496
194 63 1.33091
195 63 1.40786
196 63 2.95004
197 63 2.57477
198 63 2.99198
199 63 2.6345
200 63 2.25197
201 63 2.55158
202 63 3.36102
203 63 1.99907
204 63 2.95888
205 63 4.27096
206 63 2.86771
207 63 3.12306
208 63 3.33601
209 63 3.85597
210 63 3.11261
211 63 2.84651
212 63 1.31066
213 63 1.7242
214 63 2.54305
215 63 1.73074
216 63 1.67494
217 63 2.91591
218 63 3.26006
219 63 1.73304
220 63 2.04646
221 63 2.32261
222 63 2.30284
223 63 1.33715
224 63 2.20245
225 63 1.86235
226 63 1.58615
227 63 1.31163
228 63 1.29278
229 63 1.35732
230 63 1.16786
190 63.5 1.14269
191 63.5 1.11606
192 63.5 1.40027
193 63.5 1.94069
194 63.5 2.3922
195 63.5 2.60442
196 63.5 4.06007
197 63.5 3.73514
198 63.5 3.56419
199 63.5 1.96453
200 63.5 1.40945
201 63.5 2.63465
202 63.5 2.94025
203 63.5 2.18971
204 63.5 1.89197
205 63.5 3.73595
206 63.5 3.23405
207 63.5 3.30855
208 63.5 3.90375
209 63.5 3.41729
210 63.5 2.98009
211 63.5 1.54087
212 63.5 2.10647
213 63.5 2.82998
214 63.5 2.74309
215 63.5 2.60854
216 63.5 3.12038
217 63.5 3.33235
218 63.5 2.65198
219 63.5 2.33101
220 63.5 2.49641
221 63.5 2.35002
222 63.5 2.17635
223 63.5 2.78858
224 63.5 2.45305
225 63.5 1.89892
226 63.5 1.41045
227 63.5 1.28884
228 63.5 1.29763
229 63.5 1.3298
190 64 0.921957
191 64 1.34928
192 64 2.30915
193 64 3.20714
194 64 3.54954
195 64 4.01522
196 64 6.16247
197 64 5.33098
198 64 2.97581
199 64 1.5116
200 64 1.85246
201 64 2.20109
202 64 1.97118
203 64 3.32371
204 64 2.8377
205 64 3.75069
206 64 3.80758
207 64 3.55114
208 64 4.63089
209 64 4.05349
210 64 4.74527
211 64 5.01382
212 64 5.61697
213 64 5.18652
214 64 3.87676
215 64 3.4654
216 64 3.04929
217 64 2.9859
218 64 3.983
219 64 2.90232
220 64 2.55795
221 64 3.21131
222 64 3.45851
223 64 4.4217
224 64 3.25803
225 64 2.52261
226 64 1.25157
227 64 1.22347
228 64 1.2718
229 64 1.5957
189 64.5 0.792061
190 64.5 0.971692
191 64.5 1.32731
192 64.5 1.79089
193 64.5 2.94441
194 64.5 2.76276
195 64.5 3.46168
196 64.5 3.86623
197 64.5 4.2017
198 64.5 2.2298
199 64.5 1.05333
200 64.5 2.66175
201 64.5 2.72421
202 64.5 2.44529
203 64.5 3.18872
204 64.5 2.98645
205 64.5 3.5738
206 64.5 3.02125
207 64.5 4.64218
208 64.5 5.55472
209 64.5 3.86303
210 64.5 4.93785
211 64.5 5.43428
212 64.5 5.00311
213 64.5 5.11974
214 64.5 3.77347
215 64.5 3.54422
216 64.5 2.19968
217 64.5 2.5283
218 64.5 2.24297
219 64.5 2.11017
220 64.5 2.13604
221 64.5 2.76731
222 64.5 3.07257
223 64.5 3.2265
224 64.5 1.34273
225 64.5 1.05672
226 64.5 1.05953
227 64.5 1.14951
228 64.5 1.18848
229 64.5 1.20735
230 64.5 1
190 65 1.22933
191 65 1.37973
192 65 1.85572
193 65 2.55741
194 65 2.43095
195 65 4.21418
196 65 5.08437
197 65 3.93964
198 65 2.93176
199 65 1.39688
200 65 1.54708
201 65 2.07832
202 65 2.23493
203 65 1.94695
204 65 1.76067
205 65 1.32318
206 65 2.10985
207 65 4.61199
208 65 4.78464
209 65 4.32685
210 65 3.87365
211 65 4.99884
212 65 3.02503
213 65 3.91061
214 65 3.38071
215 65 2.28896
216 65 2.00351
217 65 1.41104
218 65 1.85954
219 65 2.50644
220 65 1.95317
221 65 1.25213
222 65 1.20668
223 65 1.6908
224 65 1.16283
225 65 1.01503
226 65 0.737852
227 65 0.876338
228 65 1.11923
192 65.5 1.54913
193 65.5 2.26842
194 65.5 2.88028
195 65.5 2.8586
196 65.5 3.00833
197 65.5 3.88658
198 65.5 3.26018
199 65.5 2.48214
200 65.5 2.22336
201 65.5 2.5928
202 65.5 2.90776
203 65.5 2.1644
204 65.5 1.74422
205 65.5 1.8444
206 65.5 1.76196
207 65.5 3.49753
208 65.5 4.33553
209 65.5 4.56927
210 65.5 4.36345
211 65.5 3.73866
212 65.5 3.42313
213 65.5 3.39734
214 65.5 3.022
215 65.5 2.66557
216 65.5 2.70368
217 65.5 2.72932
218 65.5 2.29069
219 65.5 3.12158
220 65.5 2.58805
221 65.5 1.60418
222 65.5 2.93908
223 65.5 2.82816
224 65.5 1.84858
225 65.5 1.55197
226 65.5 1.06518
227 65.5 0.947152
228 65.5 0.8694
192 66 1.43018
193 66 2.23843
194 66 2.19399
195 66 2.82367
196 66 3.09957
197 66 2.71039
198 66 3.25634
199 66 2.37343
200 66 1.81796
201 66 2.46406
202 66 2.75449
203 66 2.17926
204 66 1.89988
205 66 2.05071
206 66 1.90414
207 66 2.04853
208 66 2.01217
209 66 3.59523
210 66 3.99944
211 66 5.10752
212 66 4.33941
213 66 3.00051
214 66 2.52082
215 66 2.21339
216 66 3.96612
217 66 4.00038
218 66 3.22824
219 66 3.01922
220 66 2.81162
221 66 1.60259
222 66 2.53989
223 66 3.70543
224 66 2.93247
225 66 2.56864
226 66 1.32857
227 66 1.18755
228 66 0.895217
193 66.5 1.83603
194 66.5 2.60189
195 66.5 3.48224
196 66.5 3.95401
197 66.5 5.5148
198 66.5 3.63519
199 66.5 2.28952
200 66.5 1.46278
201 66.5 2.10161
202 66.5 2.85027
203 66.5 2.9101
204 66.5 2.98273
205 66.5 3.92108
206 66.5 2.88181
207 66.5 2.15264
208 66.5 1.93482
209 66.5 3.45157
210 66.5 4.47153
211 66.5 5.19571
212 66.5 3.83927
213 66.5 3.2944
214 66.5 2.72122
215 66.5 3.66016
216 66.5 3.72335
217 66.5 4.15939
218 66.5 2.73516
219 66.5 2.02604
220 66.5 1.93195
221 66.5 1.64689
222 66.5 2.62571
223 66.5 3.85016
224 66.5 2.54561
225 66.5 2.81631
226 66.5 1.70297
227 66.5 1.34859
228 66.5 0.958694
229 66.5 0.681656
193 67 1.52141
194 67 2.03878
195 67 3.80258
196 67 4.03293
197 67 3.90515
198 67 4.08594
199 67 4.3934
200 67 3.52766
201 67 3.8556
202 67 3.68739
203 67 3.62577
204 67 5.15968
205 67 5.04051
206 67 4.5416
207 67 4.15977
208 67 4.62375
209 67 3.97381
210 67 3.90693
211 67 5.15908
212 67 4.91112
213 67 4.09094
214 67 4.08082
215 67 5.39974
216 67 5.10194
217 67 3.95095
218 67 3.18245
219 67 2.42873
220 67 2.0166
221 67 1.91281
222 67 2.57703
223 67 1.77978
224 67 2.40679
225 67 2.86897
226 67 2.17283
227 67 1.4177
228 67 0.994066
229 67 0.609956
230 67 0.427047
193 67.5 1.16053
194 67.5 1.606
195 67.5 3.35314
196 67.5 2.05846
197 67.5 3.23685
198 67.5 5.70158
199 67.5 7.4461
200 67.5 5.72615
201 67.5 5.55207
202 67.5 4.83011
203 67.5 5.86138
204 67.5 6.39923
205 67.5 6.1084
206 67.5 5.85179
207 67.5 4.15967
208 67.5 5.15896
209 67.5 4.82313
210 67.5 3.81817
211 67.5 5.81505
212 67.5 5.46091
213 67.5 5.21992
214 67.5 4.71289
215 67.5 6.05638
216 67.5 5.38775
217 67.5 5.29464
218 67.5 4.06673
219 67.5 2.70092
220 67.5 2.60544
221 67.5 2.14648
222 67.5 2.04258
223 67.5 2.05415
224 67.5 2.12482
225 67.5 2.19141
226 67.5 1.88725
227 67.5 1.65843
228 67.5 1.25393
229 67.5 0.788311
230 67.5 0.511804
231 67.5 0.407403
232 67.5 1
194 68 0.965343
195 68 1.32502
196 68 1.40524
197 68 2.44994
198 68 4.22323
199 68 6.00456
200 68 6.15127
201 68 5.50753
202 68 4.96974
203 68 4.04481
204 68 4.95177
205 68 4.9714
206 68 4.46351
207 68 3.6455
208 68 3.46672
209 68 3.72542
210 68 2.80859
211 68 4.11591
212 68 5.90504
213 68 7.68554
214 68 6.56762
215 68 5.55874
216 68 5.58151
217 68 3.75338
218 68 3.38548
219 68 2.75501
220 68 3.46736
221 68 1.79236
222 68 1.77944
223 68 1.90109
224 68 1.39892
225 68 1.24297
226 68 1.49288
227 68 1.68264
228 68 1.42594
229 68 1.16116
230 68 0.727721
231 68 0.47873
232 68 0.396577
233 68 0.415278
195 68.5 1.12452
196 68.5 1.23118
197 68.5 2.20631
198 68.5 3.11954
199 68.5 4.36024
200 68.5 4.57641
201 68.5 3.34459
202 68.5 3.84246
203 68.5 2.8883
204 68.5 2.77929
205 68.5 4.53557
206 68.5 3.19611
207 68.5 4.32182
208 68.5 3.46293
209 68.5 3.41156
210 68.5 2.72909
211 68.5 2.4042
212 68.5 5.26313
213 68.5 6.21492
214 68.5 5.76672
215 68.5 4.25792
216 68.5 4.68144
217 68.5 3.85301
218 68.5 3.80723
219 68.5 3.34387
220 68.5 3.10267
221 68.5 1.48752
222 68.5 1.23748
223 68.5 1.14112
224 68.5 1.21823
225 68.5 1.19221
226 68.5 1.3273
227 68.5 1.58932
228 68.5 1.83633
229 68.5 1.54859
230 68.5 1.03641
231 68.5 0.659429
232 68.5 0.493535
233 68.5 0.4159
234 68.5 0.55647
235 68.5 1
197 69 1.78811
198 69 2.61577
199 69 2.56725
200 69 3.62329
201 69 3.30527
202 69 5.48648
203 69 7.85373
204 69 6.66276
205 69 8.98322
206 69 8.6127
207 69 7.74151
208 69 8.51633
209 69 9.79062
210 69 7.38985
211 69 4.78033
212 69 4.01652
213 69 3.11249
214 69 1.88134
215 69 2.03596
216 69 2.77013
217 69 3.15225
218 69 3.54678
219 69 3.15855
220 69 1.85862
221 69 1.60785
222 69 0.659887
223 69 0.668599
224 69 0.752706
225 69 1.09411
226 69 1.35968
227 69 1.17465
228 69 1.10269
229 69 0.959576
230 69 0.870863
231 69 0.625259
232 69 0.532425
233 69 0.479642
234 69 0.527477
235 69 0.656381
197 69.5 2.10686
198 69.5 2.45185
199 69.5 2.86272
200 69.5 7.7448
201 69.5 9.86388
202 69.5 11.1068
203 69.5 12.9885
204 69.5 10.2573
205 69.5 9.6126
206 69.5 8.46433
207 69.5 12.3835
208 69.5 12.8681
209 69.5 9.03227
210 69.5 9.87593
211 69.5 4.28001
212 69.5 3.01866
213 69.5 3.40476
214 69.5 1.39643
215 69.5 1.63853
216 69.5 2.05731
217 69.5 1.63017
218 69.5 2.15626
219 69.5 1.85693
220 69.5 1.52055
221 69.5 1.21925
222 69.5 1.01368
223 69.5 0.986224
224 69.5 1.00123
225 69.5 1.19076
226 69.5 1.40093
227 69.5 1.3893
228 69.5 1.33583
229 69.5 1.05795
230 69.5 0.878232
231 69.5 0.79603
232 69.5 0.781909
233 69.5 0.772692
235 69.5 1
198 70 1.74775
199 70 2.39184
200 70 5.46884
201 70 5.68372
202 70 5.98431
203 70 8.90022
204 70 8.38061
205 70 8.82733
206 70 5.56665
207 70 4.25222
208 70 3.60549
209 70 2.66643
210 70 2.67323
211 70 2.46063
212 70 2.05815
213 70 1.79074
214 70 1.49225
215 70 1.19853
223 70 1.69485
224 70 1.5597
225 70 1.34921
226 70 1.31322
227 70 1.36176
228 70 1.63409
229 70 1.45763
230 70 1.0957
231 70 0.88042
200 70.5 1.89297
201 70.5 2.20224
202 70.5 2.25889
203 70.5 2.40529
204 70.5 5.18018
205 70.5 2.46069
206 70.5 2.48219
207 70.5 2.31969
208 70.5 2.34565
209 70.5 2.18793
210 70.5 2.14534
211 70.5 1.89438
212 70.5 1.46368
213 70.5 1.79451
227 70.5 1.36438
228 70.5 1.63043
229 70.5 1.64559
230 70.5 1.39151
231 70.5 1.2691
202 71 1.14624
203 71 1.50148
204 71 1.82887
205 71 2.03028
206 71 1.98401
207 71 2.20526
209 71 1
210 71 1
211 71 1
228 71 1
229 71 2.40594
230 71 2.38782
231 71 2.07726
232 71 1.42436
233 71 1.11895
234 71 1
204 71.5 1.36155
230 71.5 2.49449
231 71.5 2.21802
232 71.5 1.58827
233 71.5 1.18702
234 71.5 1
235 71.5 1
