# depth vs vp rho
0 1.691 3.381 1.75886
0.240689 1.691 3.381 1.75886
0.240689 1.91967 3.83867 1.92354
0.481378 1.91967 3.83867 1.92354
0.481378 2.14833 4.29633 2.08823
0.722067 2.14833 4.29633 2.08823
0.722067 2.377 4.754 2.25292
0.962756 2.377 4.754 2.25292
0.962756 3.171 5.613 2.56212
2.55247 3.171 5.613 2.56212
2.55247 3.28586 5.81625 2.63533
4.14218 3.28586 5.81625 2.63533
4.14218 3.38692 5.99507 2.69974
5.73189 3.38692 5.99507 2.69974
5.73189 3.47443 6.1499 2.75552
7.3216 3.47443 6.1499 2.75552
7.3216 3.54937 6.2825 2.80328
8.91132 3.54937 6.2825 2.80328
8.91132 3.61271 6.39457 2.84366
10.501 3.61271 6.39457 2.84366
10.501 3.66544 6.48785 2.87727
12.0907 3.66544 6.48785 2.87727
12.0907 3.70853 6.56407 2.90473
13.6805 3.70853 6.56407 2.90473
13.6805 3.74296 6.62496 2.92667
15.2702 3.74296 6.62496 2.92667
15.2702 3.76969 6.67223 2.94371
16.8599 3.76969 6.67223 2.94371
16.8599 3.78971 6.70762 2.95648
18.4496 3.78971 6.70762 2.95648
18.4496 3.80399 6.73285 2.96558
20.0393 3.80399 6.73285 2.96558
20.0393 3.81352 6.74966 2.97165
21.629 3.81352 6.74966 2.97165
21.629 3.81925 6.75977 2.9753
23.2187 3.81925 6.75977 2.9753
23.2187 3.82218 6.76491 2.97717
24.8084 3.82218 6.76491 2.97717
24.8084 3.82327 6.7668 2.97786
26.3981 3.82327 6.7668 2.97786
26.3981 3.8235 6.76717 2.97801
27.9879 3.8235 6.76717 2.97801
27.9879 3.82385 6.76775 2.97823
29.5776 3.82385 6.76775 2.97823
29.5776 3.8253 6.77027 2.97916
31.1673 3.8253 6.77027 2.97916
31.1673 3.82881 6.77646 2.9814
32.757 3.82881 6.77646 2.9814
32.757 3.83537 6.78803 2.98558
34.3467 3.83537 6.78803 2.98558
34.3467 3.84595 6.80673 2.99232
35.9364 3.84595 6.80673 2.99232
35.9364 3.86153 6.83427 3.00225
37.5261 3.86153 6.83427 3.00225
37.5261 3.88308 6.87239 3.01599
39.1158 3.88308 6.87239 3.01599
39.1158 3.91158 6.9228 3.03415
40.7055 3.91158 6.9228 3.03415
40.7055 3.94801 6.98725 3.05737
42.2953 3.94801 6.98725 3.05737
42.2953 3.99334 7.06745 3.08626
43.885 3.99334 7.06745 3.08626
43.885 4.04854 7.16513 3.12145
45.4747 4.04854 7.16513 3.12145
45.4747 4.1146 7.28203 3.16355
47.0644 4.1146 7.28203 3.16355
47.0644 4.192 7.419 3.21288
48.6541 4.192 7.419 3.21288
48.6541 4.484 7.936 3.35
51.1765 4.484 7.936 3.35
51.1765 4.46274 7.89857 3.35
53.699 4.46274 7.89857 3.35
53.699 4.44155 7.86123 3.35
56.2214 4.44155 7.86123 3.35
56.2214 4.42068 7.82443 3.35
58.7438 4.42068 7.82443 3.35
58.7438 4.40013 7.78819 3.35
61.2662 4.40013 7.78819 3.35
61.2662 4.3799 7.75249 3.35
63.7887 4.3799 7.75249 3.35
63.7887 4.35999 7.71734 3.35
66.3111 4.35999 7.71734 3.35
66.3111 4.3404 7.68274 3.35
68.8335 4.3404 7.68274 3.35
68.8335 4.32114 7.64869 3.35
71.3559 4.32114 7.64869 3.35
71.3559 4.30219 7.6152 3.35
73.8784 4.30219 7.6152 3.35
73.8784 4.28356 7.58226 3.35
76.4008 4.28356 7.58226 3.35
76.4008 4.26526 7.54988 3.35
78.9232 4.26526 7.54988 3.35
78.9232 4.24727 7.51806 3.35
81.4457 4.24727 7.51806 3.35
81.4457 4.22961 7.48679 3.23685
83.9681 4.22961 7.48679 3.23685
83.9681 4.21226 7.45609 3.2258
86.4905 4.21226 7.45609 3.2258
86.4905 4.19524 7.42595 3.21495
89.013 4.19524 7.42595 3.21495
89.013 4.17854 7.39637 3.20431
91.5354 4.17854 7.39637 3.20431
91.5354 4.16216 7.36735 3.19387
94.0578 4.16216 7.36735 3.19387
94.0578 4.1461 7.3389 3.18363
96.5802 4.1461 7.3389 3.18363
96.5802 4.13036 7.31102 3.1736
99.1027 4.13036 7.31102 3.1736
99.1027 4.11494 7.28371 3.16377
101.625 4.11494 7.28371 3.16377
101.625 4.09988 7.25703 3.15417
104.148 4.09988 7.25703 3.15417
104.148 4.08527 7.23115 3.14486
106.67 4.08527 7.23115 3.14486
106.67 4.07121 7.20623 3.13589
109.192 4.07121 7.20623 3.13589
109.192 4.05778 7.18245 3.12733
111.715 4.05778 7.18245 3.12733
111.715 4.04509 7.15996 3.11925
114.237 4.04509 7.15996 3.11925
114.237 4.03323 7.13896 3.11169
116.76 4.03323 7.13896 3.11169
116.76 4.02229 7.11959 3.10472
119.282 4.02229 7.11959 3.10472
119.282 4.01239 7.10204 3.0984
121.805 4.01239 7.10204 3.0984
121.805 4.00359 7.08646 3.0928
124.327 4.00359 7.08646 3.0928
124.327 3.99602 7.07304 3.08797
126.849 3.99602 7.07304 3.08797
126.849 3.98975 7.06193 3.08398
129.372 3.98975 7.06193 3.08398
129.372 3.98489 7.05332 3.08088
131.894 3.98489 7.05332 3.08088
131.894 3.98153 7.04736 3.07874
134.417 3.98153 7.04736 3.07874
134.417 3.97977 7.04424 3.07761
136.939 3.97977 7.04424 3.07761
136.939 3.9797 7.0441 3.07757
139.462 3.9797 7.0441 3.07757
139.462 3.98142 7.04714 3.07867
141.984 3.98142 7.04714 3.07867
141.984 3.98503 7.05351 3.08096
144.506 3.98503 7.05351 3.08096
144.506 3.99061 7.06339 3.08452
147.029 3.99061 7.06339 3.08452
147.029 3.99827 7.07694 3.08941
149.551 3.99827 7.07694 3.08941
149.551 4.0081 7.09433 3.09567
152.074 4.0081 7.09433 3.09567
152.074 4.0202 7.11574 3.10338
154.596 4.0202 7.11574 3.10338
154.596 4.03467 7.14133 3.1126
157.119 4.03467 7.14133 3.1126
157.119 4.05159 7.17128 3.12339
159.641 4.05159 7.17128 3.12339
159.641 4.07106 7.20574 3.1358
162.163 4.07106 7.20574 3.1358
162.163 4.09319 7.2449 3.1499
164.686 4.09319 7.2449 3.1499
164.686 4.11806 7.28892 3.16576
167.208 4.11806 7.28892 3.16576
167.208 4.14578 7.33796 3.18342
169.731 4.14578 7.33796 3.18342
169.731 4.17643 7.39221 3.20296
172.253 4.17643 7.39221 3.20296
172.253 4.21011 7.45182 3.22443
174.776 4.21011 7.45182 3.22443
174.776 4.24692 7.51697 3.35
177.298 4.24692 7.51697 3.35
177.298 4.28696 7.58783 3.35
179.82 4.28696 7.58783 3.35
179.82 4.33032 7.66457 3.35
182.343 4.33032 7.66457 3.35
182.343 4.3771 7.74735 3.35
184.865 4.3771 7.74735 3.35
184.865 4.42738 7.83635 3.35
187.388 4.42738 7.83635 3.35
187.388 4.48128 7.93173 3.35
189.91 4.48128 7.93173 3.35
189.91 4.53887 8.03366 3.35
192.433 4.53887 8.03366 3.35
192.433 4.60027 8.14232 3.35
194.955 4.60027 8.14232 3.35
194.955 4.66556 8.25787 3.35
197.477 4.66556 8.25787 3.35
197.477 4.734 8.379 3.35
200 4.734 8.379 3.35
