195 54.5 0.436691
196 54.5 0.415797
230 54.5 0.605273
231 54.5 0.582865
232 54.5 0.414969
197 55 0.477433
198 55 0.403913
199 55 0.324658
200 55 0.240501
229 55 0.573352
230 55 0.461513
231 55 0.447302
232 55 0.460152
198 55.5 0.747543
199 55.5 0.3556
200 55.5 0.242596
201 55.5 0.478536
228 55.5 0.440686
229 55.5 0.373876
230 55.5 0.647181
231 55.5 0.510736
232 55.5 0.427278
199 56 0.483774
200 56 0.322993
201 56 0.247476
202 56 0.795683
203 56 0.705261
204 56 0.427501
205 56 0.377565
227 56 0.500713
228 56 0.391526
229 56 0.777132
230 56 0.640849
231 56 0.44466
199 56.5 0.31373
201 56.5 0.487432
202 56.5 0.698897
203 56.5 1.255
204 56.5 0.511078
205 56.5 0.489784
206 56.5 0.373276
226 56.5 0.692413
227 56.5 0.425627
228 56.5 1.42895
229 56.5 0.671009
230 56.5 0.401229
231 56.5 0.45626
199 57 0.362854
202 57 0.589806
203 57 0.971642
204 57 0.693046
205 57 0.677693
206 57 0.598142
207 57 0.609258
225 57 0.757472
226 57 0.696415
227 57 0.465002
228 57 1.6183
229 57 0.250265
230 57 0.412581
191 57.5 0.380438
200 57.5 1.5348
202 57.5 0.452751
203 57.5 0.571645
204 57.5 0.901065
205 57.5 0.649759
206 57.5 0.430747
207 57.5 0.419589
208 57.5 0.538947
209 57.5 0.664417
224 57.5 0.688752
225 57.5 0.58194
226 57.5 0.435746
227 57.5 0.855977
228 57.5 0.983304
229 57.5 0.336505
230 57.5 0.521409
236 57.5 0.326163
193 58 0.303475
200 58 0.593402
201 58 0.8271
202 58 0.639388
203 58 0.526051
204 58 0.500161
205 58 0.57092
206 58 0.568908
207 58 0.4737
208 58 0.666475
209 58 0.50858
210 58 0.648519
222 58 1.21089
223 58 0.646797
224 58 0.436392
225 58 0.499759
226 58 0.73742
227 58 0.760352
228 58 0.707951
229 58 0.529246
230 58 0.411572
235 58 0.382741
236 58 0.567127
237 58 0.408886
194 58.5 0.287954
195 58.5 0.338514
200 58.5 0.820653
201 58.5 0.38868
202 58.5 0.39433
203 58.5 0.546198
204 58.5 0.633701
205 58.5 0.697018
206 58.5 0.468706
207 58.5 0.69255
208 58.5 0.379047
209 58.5 0.528452
210 58.5 0.636003
211 58.5 0.813407
212 58.5 1.27911
221 58.5 1.43214
222 58.5 1.0363
223 58.5 0.599981
224 58.5 0.674283
225 58.5 0.544542
226 58.5 1.23314
227 58.5 0.748593
228 58.5 0.476582
229 58.5 0.288046
234 58.5 0.455186
235 58.5 0.681286
196 59 0.427197
197 59 0.472005
198 59 0.519327
199 59 0.559366
200 59 0.831267
201 59 0.497425
202 59 0.333872
203 59 0.686854
204 59 0.567096
205 59 0.554753
206 59 0.502118
207 59 0.620966
208 59 0.485947
209 59 0.540368
210 59 0.787095
211 59 0.977217
212 59 0.959128
213 59 1.08401
220 59 1.10576
221 59 1.12391
222 59 0.703853
223 59 0.551481
224 59 0.750357
225 59 0.613363
226 59 0.62252
227 59 0.393458
228 59 0.427552
229 59 0.244093
230 59 0.325144
231 59 0.375809
232 59 0.317926
233 59 0.433876
234 59 0.637159
235 59 1.00603
236 59 1.37587
196 59.5 0.345929
197 59.5 0.488977
198 59.5 0.489151
199 59.5 0.515482
200 59.5 0.782034
201 59.5 0.611272
202 59.5 0.851845
203 59.5 0.927429
204 59.5 0.311211
205 59.5 0.594593
206 59.5 0.629788
207 59.5 1.5439
208 59.5 0.703251
209 59.5 0.624313
210 59.5 0.529975
211 59.5 0.643736
212 59.5 0.993467
213 59.5 0.878896
214 59.5 0.550222
215 59.5 0.741718
216 59.5 1.07707
217 59.5 0.69217
218 59.5 0.822403
219 59.5 0.851228
220 59.5 1.09268
221 59.5 1.01749
222 59.5 0.654968
223 59.5 0.561645
224 59.5 0.529812
225 59.5 0.41687
226 59.5 0.588487
227 59.5 0.396001
228 59.5 0.295075
229 59.5 0.383168
230 59.5 0.38406
231 59.5 0.363789
197 60 0.30443
198 60 0.355776
199 60 0.339498
200 60 0.504784
201 60 0.440887
202 60 0.439617
203 60 0.462244
204 60 0.620145
205 60 0.703893
206 60 0.586833
207 60 0.399756
208 60 0.766354
209 60 0.58404
210 60 0.899775
211 60 0.851457
212 60 1.40842
213 60 2.02024
214 60 1.08364
215 60 1.12218
216 60 1.0418
217 60 0.872926
218 60 0.923812
219 60 0.723525
220 60 0.601404
221 60 0.616238
222 60 0.551933
223 60 0.814159
224 60 0.462735
225 60 0.731185
226 60 0.714441
227 60 0.359334
228 60 0.247674
229 60 0.321583
230 60 0.347748
194 60.5 0.224439
195 60.5 0.258644
196 60.5 0.592222
197 60.5 0.432646
198 60.5 0.560136
199 60.5 0.691272
200 60.5 0.34087
201 60.5 0.365796
202 60.5 0.494189
203 60.5 0.671834
204 60.5 0.615514
205 60.5 0.621594
206 60.5 0.488161
207 60.5 0.760249
208 60.5 0.581842
209 60.5 1.36243
210 60.5 1.04505
211 60.5 0.923693
212 60.5 1.5987
213 60.5 1.47534
214 60.5 1.38078
215 60.5 0.703291
216 60.5 0.826832
217 60.5 0.64498
218 60.5 1.10059
219 60.5 0.813125
220 60.5 0.850423
221 60.5 0.836048
222 60.5 0.82662
223 60.5 0.602294
224 60.5 0.660273
225 60.5 0.437114
226 60.5 0.427561
227 60.5 0.208369
228 60.5 0.256552
229 60.5 0.341786
195 61 0.270331
196 61 1.13394
197 61 0.80861
198 61 0.833691
199 61 0.658383
200 61 0.535962
201 61 0.501188
202 61 0.33544
203 61 0.682872
204 61 0.646345
205 61 0.535118
206 61 0.696716
207 61 0.737016
208 61 0.614201
209 61 1.02036
210 61 1.23729
211 61 1.60513
212 61 0.89588
213 61 1.11918
214 61 0.702781
215 61 1.08224
216 61 1.47872
217 61 1.458
218 61 1.00163
219 61 0.551892
220 61 0.45902
221 61 0.586384
222 61 0.513428
223 61 0.509625
224 61 0.438823
225 61 0.55637
226 61 0.960974
227 61 0.205491
228 61 0.316187
229 61 0.373676
195 61.5 0.233824
196 61.5 0.914016
197 61.5 0.693402
198 61.5 0.609202
199 61.5 0.796454
200 61.5 0.475254
201 61.5 0.579621
202 61.5 0.576441
203 61.5 0.914669
204 61.5 0.880463
205 61.5 0.521939
206 61.5 0.58494
207 61.5 0.819884
208 61.5 0.617819
209 61.5 0.702274
210 61.5 0.622213
211 61.5 0.897362
212 61.5 0.656422
213 61.5 0.816891
214 61.5 0.991397
215 61.5 1.26379
216 61.5 1.13925
217 61.5 0.660566
218 61.5 0.666398
219 61.5 0.812218
220 61.5 0.737692
221 61.5 0.865512
222 61.5 0.557497
223 61.5 0.611177
224 61.5 0.536385
225 61.5 0.40484
226 61.5 0.347482
227 61.5 0.276602
228 61.5 0.33485
229 61.5 0.414933
195 62 0.166556
196 62 0.293609
197 62 0.517223
198 62 0.311642
199 62 0.469866
200 62 0.955201
201 62 0.568397
202 62 0.530158
203 62 0.860093
204 62 0.655291
205 62 0.620025
206 62 0.612698
207 62 0.642115
208 62 0.740264
209 62 0.56155
210 62 0.60387
211 62 0.824551
212 62 0.810173
213 62 0.485268
214 62 0.842713
215 62 1.44913
216 62 0.835382
217 62 0.610101
218 62 0.646151
219 62 1.00282
220 62 0.900129
221 62 0.509397
222 62 0.789302
223 62 1.14878
224 62 0.635966
225 62 0.574633
226 62 0.264419
227 62 0.345404
228 62 0.413087
229 62 0.469859
230 62 0.47807
195 62.5 0.343937
196 62.5 0.332766
197 62.5 0.469611
198 62.5 0.334398
199 62.5 0.493501
200 62.5 0.901002
201 62.5 0.729934
202 62.5 0.757359
203 62.5 0.488624
204 62.5 0.600823
205 62.5 0.572173
206 62.5 0.596612
207 62.5 0.772909
208 62.5 0.629203
209 62.5 0.757956
210 62.5 0.652713
211 62.5 0.545142
212 62.5 0.634067
213 62.5 0.593073
214 62.5 1.16189
215 62.5 0.79106
216 62.5 0.979694
217 62.5 0.794014
218 62.5 0.876787
219 62.5 0.826121
220 62.5 0.694537
221 62.5 0.486576
222 62.5 0.754949
223 62.5 0.598219
224 62.5 0.302164
225 62.5 0.208814
226 62.5 0.241173
227 62.5 0.336659
228 62.5 0.42214
229 62.5 0.433075
230 62.5 0.432982
192 63 0.246082
193 63 0.196443
194 63 0.203964
195 63 0.249356
196 63 0.376198
197 63 0.624673
198 63 0.424886
199 63 0.408046
200 63 0.364901
201 63 0.409765
202 63 0.393757
203 63 0.519768
204 63 0.520235
205 63 0.562533
206 63 0.641408
207 63 0.766865
208 63 0.46189
209 63 0.627948
210 63 0.54232
211 63 0.705185
212 63 0.506327
213 63 0.784987
214 63 1.36867
215 63 1.06248
216 63 0.938918
217 63 0.925069
218 63 0.615878
219 63 0.323148
220 63 0.668548
221 63 0.57364
222 63 0.579793
223 63 0.582604
224 63 0.308885
225 63 0.268994
226 63 0.308955
227 63 0.295476
228 63 0.292203
229 63 0.320372
191 63.5 0.253193
192 63.5 0.362045
193 63.5 0.309311
194 63.5 0.278505
195 63.5 0.301211
196 63.5 1.60124
197 63.5 1.55371
198 63.5 1.12796
199 63.5 0.600764
200 63.5 0.613978
201 63.5 0.59264
202 63.5 0.358453
203 63.5 0.525184
204 63.5 0.724313
205 63.5 1.09929
206 63.5 0.834682
207 63.5 0.717114
208 63.5 0.648803
209 63.5 0.470371
210 63.5 0.57632
211 63.5 0.654184
212 63.5 0.699008
213 63.5 0.751227
214 63.5 0.654977
215 63.5 0.827089
216 63.5 1.11927
217 63.5 0.975438
218 63.5 0.66117
219 63.5 0.558851
220 63.5 0.522126
221 63.5 0.417255
222 63.5 0.477748
223 63.5 0.515885
224 63.5 0.347601
225 63.5 0.332471
226 63.5 0.265704
227 63.5 0.203566
228 63.5 0.194856
229 63.5 0.244048
190 64 0.211322
191 64 0.413508
192 64 0.559686
193 64 0.784343
194 64 0.3531
195 64 0.303385
196 64 0.84816
197 64 0.744912
198 64 0.59096
199 64 0.768713
200 64 0.648364
201 64 0.459983
202 64 0.407751
203 64 0.556734
204 64 0.459075
205 64 0.580667
206 64 0.653872
207 64 0.656064
208 64 0.585699
209 64 0.412018
210 64 0.57619
211 64 0.552539
212 64 0.449594
213 64 0.902607
214 64 0.539426
215 64 0.627681
216 64 1.02022
217 64 0.539866
218 64 0.729128
219 64 0.87963
220 64 0.837798
221 64 0.568979
222 64 0.331228
223 64 0.628064
224 64 0.534081
225 64 0.659214
226 64 0.208291
227 64 0.225924
228 64 0.264705
193 64.5 0.516068
194 64.5 0.292096
195 64.5 0.217624
196 64.5 0.198333
197 64.5 1.02466
198 64.5 1.01187
199 64.5 0.601576
200 64.5 0.665657
201 64.5 0.754975
202 64.5 0.845707
203 64.5 0.589029
204 64.5 0.438541
205 64.5 0.68066
206 64.5 0.760921
207 64.5 0.485007
208 64.5 0.665306
209 64.5 0.558161
210 64.5 0.650016
211 64.5 0.553861
212 64.5 0.499066
213 64.5 0.735699
214 64.5 0.517171
215 64.5 0.546897
216 64.5 0.389854
217 64.5 0.474717
218 64.5 0.450672
219 64.5 0.584217
220 64.5 0.614961
221 64.5 0.45979
222 64.5 0.552199
223 64.5 0.402585
224 64.5 0.253063
225 64.5 0.302815
226 64.5 0.293432
227 64.5 0.35735
228 64.5 0.309137
193 65 0.342656
194 65 0.185738
195 65 0.286403
196 65 0.520769
197 65 0.480541
198 65 0.754605
199 65 0.599166
200 65 0.616409
201 65 0.460896
202 65 0.541232
203 65 0.532805
204 65 0.522557
205 65 0.719873
206 65 0.672828
207 65 0.595331
208 65 0.830289
209 65 0.656125
210 65 0.614382
211 65 0.501821
212 65 0.662099
213 65 0.886468
214 65 0.663054
215 65 0.519333
216 65 0.6392
217 65 0.668549
218 65 0.437362
219 65 0.52099
220 65 0.335343
221 65 0.572818
222 65 0.471776
223 65 0.467319
224 65 0.443806
225 65 0.416073
226 65 0.407923
227 65 0.331596
228 65 0.286283
192 65.5 0.21847
193 65.5 0.282125
194 65.5 0.199031
195 65.5 0.216523
196 65.5 0.465577
197 65.5 0.548187
198 65.5 0.605304
199 65.5 0.840528
200 65.5 0.627632
201 65.5 0.606826
202 65.5 1.02273
203 65.5 1.03771
204 65.5 0.770439
205 65.5 0.650828
206 65.5 0.842084
207 65.5 0.511366
208 65.5 0.428044
209 65.5 0.51019
210 65.5 0.463092
211 65.5 0.553745
212 65.5 0.732262
213 65.5 0.80283
214 65.5 1.06382
215 65.5 0.615313
216 65.5 0.482084
217 65.5 0.563419
218 65.5 0.533741
219 65.5 0.647588
220 65.5 0.578531
221 65.5 0.443562
222 65.5 0.456008
223 65.5 0.378033
224 65.5 0.340067
225 65.5 0.400333
226 65.5 0.353939
227 65.5 0.274737
228 65.5 0.262245
231 65.5 0.243562
195 66 0.228401
196 66 0.279634
197 66 0.300929
198 66 0.780415
199 66 0.859026
200 66 0.884956
201 66 0.716385
202 66 0.576999
203 66 0.647965
204 66 0.640117
205 66 0.752132
206 66 0.731307
207 66 0.857716
208 66 0.626705
209 66 0.494702
210 66 0.487399
211 66 0.464337
212 66 0.570138
213 66 0.868955
214 66 0.886785
215 66 0.602395
216 66 0.451122
217 66 0.578126
218 66 0.492336
219 66 0.450171
220 66 0.394643
221 66 0.497285
222 66 0.427213
223 66 1.03574
224 66 1.04156
225 66 0.514535
226 66 0.246414
227 66 0.220058
228 66 0.222351
229 66 0.289598
230 66 0.292432
195 66.5 0.45014
196 66.5 0.66156
197 66.5 1.09168
198 66.5 1.26777
199 66.5 1.09936
200 66.5 1.02423
201 66.5 0.873082
202 66.5 0.605958
203 66.5 0.431943
204 66.5 0.725245
205 66.5 0.919385
206 66.5 0.725308
207 66.5 0.709289
208 66.5 0.672841
209 66.5 0.714169
210 66.5 0.600132
211 66.5 0.402168
212 66.5 0.896008
213 66.5 1.02799
214 66.5 0.626408
215 66.5 0.802136
216 66.5 0.660751
217 66.5 0.474021
218 66.5 0.45325
219 66.5 0.720482
220 66.5 0.811746
221 66.5 0.484118
222 66.5 0.561444
223 66.5 0.498238
224 66.5 0.476688
225 66.5 0.608173
226 66.5 0.197115
227 66.5 0.155223
228 66.5 0.19546
229 66.5 0.288129
230 66.5 0.414774
195 67 0.525752
196 67 0.905653
197 67 1.164
198 67 1.17056
199 67 0.578273
200 67 0.722268
201 67 0.604937
202 67 0.46012
203 67 0.584252
204 67 0.475177
205 67 0.4184
206 67 0.421875
207 67 0.589241
208 67 0.785785
209 67 0.470092
210 67 0.406847
211 67 0.398967
212 67 0.783054
213 67 1.0927
214 67 0.626258
215 67 0.711597
216 67 0.807609
217 67 0.742473
218 67 0.530718
219 67 0.426034
220 67 0.584548
221 67 0.659658
222 67 0.648594
223 67 0.382053
224 67 1.23808
225 67 0.412152
226 67 0.258576
227 67 0.207555
228 67 0.222245
229 67 0.278928
230 67 0.32643
196 67.5 0.93984
197 67.5 1.04571
198 67.5 0.543276
199 67.5 0.527474
200 67.5 0.467661
201 67.5 0.816337
202 67.5 0.606836
203 67.5 0.715749
204 67.5 0.366388
205 67.5 0.645059
206 67.5 0.648893
207 67.5 0.516
208 67.5 0.588298
209 67.5 0.717128
210 67.5 0.511304
211 67.5 0.739137
212 67.5 0.766731
213 67.5 0.518055
214 67.5 0.404478
215 67.5 0.431235
216 67.5 0.722542
217 67.5 0.760943
218 67.5 0.597391
219 67.5 0.444099
220 67.5 0.739811
221 67.5 0.808226
222 67.5 0.509893
223 67.5 0.380822
224 67.5 0.507086
225 67.5 0.200032
226 67.5 0.227632
227 67.5 0.320473
228 67.5 0.346614
229 67.5 0.319515
230 67.5 0.323248
195 68 0.269433
196 68 0.355697
197 68 0.386663
198 68 0.508367
199 68 0.39443
200 68 0.384786
201 68 0.576978
202 68 0.718485
203 68 0.740479
204 68 0.495596
205 68 0.490255
206 68 0.51544
207 68 0.34254
208 68 0.481335
209 68 0.451196
210 68 0.51686
211 68 1.07674
212 68 0.662333
213 68 0.542056
214 68 0.712749
215 68 0.557398
216 68 0.650528
217 68 0.730287
218 68 0.635747
219 68 0.463896
220 68 0.394144
221 68 0.699144
222 68 0.302789
223 68 0.298034
224 68 0.256945
225 68 0.312042
226 68 0.332078
227 68 0.446914
228 68 0.443577
229 68 0.477742
230 68 0.362577
231 68 0.284726
232 68 0.248506
233 68 0.238528
195 68.5 0.307527
196 68.5 0.385085
197 68.5 0.448692
198 68.5 0.40556
199 68.5 0.631672
200 68.5 0.741998
201 68.5 1.102
202 68.5 0.878889
203 68.5 0.582629
204 68.5 0.415157
205 68.5 0.967521
206 68.5 1.01951
207 68.5 0.586829
208 68.5 0.526184
209 68.5 0.534291
210 68.5 1.33358
211 68.5 1.07175
212 68.5 0.85784
213 68.5 0.607023
214 68.5 0.942611
215 68.5 0.408373
216 68.5 0.525415
217 68.5 0.651009
218 68.5 0.955863
219 68.5 0.803735
220 68.5 0.627749
221 68.5 0.564794
222 68.5 0.292088
223 68.5 0.245897
224 68.5 0.240503
225 68.5 0.250644
226 68.5 0.287662
227 68.5 0.406802
228 68.5 0.549282
229 68.5 0.578495
230 68.5 0.462248
231 68.5 0.335789
232 68.5 0.214411
233 68.5 0.186003
234 68.5 0.203293
235 68.5 0.211256
197 69 0.449541
198 69 0.596075
199 69 0.794802
200 69 0.946872
201 69 1.26529
202 69 1.3131
203 69 1.05675
204 69 0.526372
205 69 0.690041
206 69 0.49529
207 69 0.358868
208 69 0.463845
209 69 0.82831
210 69 0.669349
211 69 0.973158
212 69 0.675686
213 69 0.440935
214 69 0.40536
215 69 0.547453
216 69 0.741354
217 69 0.606868
218 69 0.56277
219 69 0.408394
220 69 0.433086
221 69 0.661089
222 69 0.546405
223 69 0.474572
224 69 0.485936
225 69 0.387737
226 69 0.346663
227 69 0.307325
228 69 0.391719
229 69 0.456602
230 69 0.532114
231 69 0.406366
232 69 0.296157
233 69 0.223697
199 69.5 0.498671
200 69.5 1.19698
201 69.5 0.969711
202 69.5 0.607792
203 69.5 0.560583
204 69.5 0.528598
205 69.5 0.729859
206 69.5 0.497198
207 69.5 0.586852
208 69.5 0.616933
209 69.5 0.741942
210 69.5 0.958321
211 69.5 0.704513
212 69.5 0.47421
213 69.5 0.484123
214 69.5 0.441609
215 69.5 0.524048
216 69.5 0.429636
217 69.5 0.365504
218 69.5 0.421095
219 69.5 0.471004
220 69.5 0.463194
221 69.5 0.440644
222 69.5 0.425848
223 69.5 0.593811
224 69.5 0.551819
225 69.5 0.442846
226 69.5 0.387377
227 69.5 0.392136
228 69.5 0.440568
229 69.5 0.472517
230 69.5 0.490473
231 69.5 0.445796
232 69.5 0.39298
200 70 0.539548
201 70 0.317426
202 70 0.474838
203 70 0.490957
204 70 0.37083
205 70 0.813789
206 70 1.06188
207 70 0.456626
208 70 0.335382
209 70 0.27411
210 70 0.336743
211 70 0.349925
212 70 0.415656
213 70 0.499329
214 70 0.473924
215 70 0.462011
228 70 0.477839
229 70 0.512273
230 70 0.474704
231 70 0.425625
202 70.5 0.397569
203 70.5 0.478809
204 70.5 0.77155
205 70.5 0.341326
206 70.5 0.343898
207 70.5 0.240815
229 70.5 0.330541
230 70.5 0.352609
231 70.5 0.34958
203 71 0.502833
204 71 0.40654
