194 54.5 1.19166
195 54.5 0.581512
228 54.5 1
229 54.5 1
230 54.5 0.697032
194 55 0.844459
195 55 0.686139
196 55 0.685532
197 55 0.881726
200 55 0.593059
228 55 1
229 55 0.716627
230 55 0.603108
193 55.5 1
194 55.5 0.850906
195 55.5 0.641135
196 55.5 0.63924
197 55.5 1.31736
198 55.5 1.07045
200 55.5 0.620203
201 55.5 0.373333
228 55.5 0.394017
229 55.5 0.447828
194 56 1.01998
195 56 0.828036
196 56 0.504091
197 56 0.625589
198 56 1.25012
199 56 0.893106
200 56 0.550052
201 56 0.44189
202 56 0.815287
227 56 0.443255
228 56 0.442053
229 56 0.356121
230 56 0.445915
194 56.5 0.737175
195 56.5 0.901745
196 56.5 0.802841
197 56.5 0.706012
198 56.5 1.24352
199 56.5 0.897717
200 56.5 0.82813
201 56.5 0.718002
202 56.5 1.48222
203 56.5 0.488893
226 56.5 0.542369
227 56.5 0.550926
228 56.5 0.393299
229 56.5 0.461194
230 56.5 0.426513
190 57 1
193 57 0.434912
194 57 0.557253
195 57 0.768041
196 57 0.934056
197 57 1.13803
198 57 1.2317
199 57 1.125
200 57 1.48555
201 57 0.833569
202 57 1.43595
203 57 0.97702
204 57 0.594939
205 57 0.712848
225 57 0.503964
226 57 0.462546
227 57 0.583482
228 57 0.526816
229 57 0.604375
230 57 0.532572
190 57.5 0.377503
191 57.5 0.479418
192 57.5 0.460421
193 57.5 0.476297
194 57.5 0.560688
195 57.5 0.732572
196 57.5 0.919548
197 57.5 0.79687
198 57.5 0.949163
199 57.5 0.697434
200 57.5 0.86316
201 57.5 0.610984
202 57.5 0.987656
203 57.5 0.7592
204 57.5 0.83126
205 57.5 0.617436
222 57.5 1
223 57.5 1
224 57.5 0.654804
225 57.5 0.596349
226 57.5 0.444123
227 57.5 0.510246
228 57.5 0.446463
229 57.5 0.508402
230 57.5 0.373707
190 58 1
191 58 0.324085
192 58 0.35578
193 58 0.478173
194 58 0.582228
195 58 0.614309
196 58 0.79053
197 58 0.822886
198 58 0.769572
199 58 0.647095
200 58 0.580542
201 58 0.499862
202 58 0.468315
203 58 0.654685
204 58 0.453936
205 58 0.493187
206 58 0.592919
207 58 0.933885
208 58 1.16967
221 58 1.07717
222 58 0.420592
223 58 0.701186
224 58 0.833076
225 58 0.654362
226 58 0.645148
227 58 0.488287
228 58 0.417066
229 58 0.294515
230 58 0.199148
190 58.5 1
191 58.5 0.201194
192 58.5 0.309402
193 58.5 0.548839
194 58.5 0.572787
195 58.5 0.551493
196 58.5 0.625413
197 58.5 0.709004
198 58.5 0.460413
199 58.5 0.386803
200 58.5 0.484965
201 58.5 0.443522
202 58.5 0.392316
203 58.5 0.566957
204 58.5 0.506952
205 58.5 0.539071
206 58.5 0.618216
207 58.5 0.691478
208 58.5 0.742629
209 58.5 0.824006
219 58.5 2.54856
220 58.5 0.823679
221 58.5 0.745587
222 58.5 0.584683
223 58.5 0.511232
224 58.5 0.387712
225 58.5 0.508155
226 58.5 0.678852
227 58.5 0.630266
228 58.5 0.471126
229 58.5 0.209134
190 59 1
191 59 1
192 59 0.41019
193 59 0.614745
194 59 0.782055
195 59 0.770302
196 59 0.478483
197 59 0.549366
198 59 0.528468
199 59 0.300463
200 59 0.509596
201 59 0.374513
202 59 0.346521
203 59 0.528661
204 59 0.555912
205 59 0.572624
206 59 0.471591
207 59 0.493604
208 59 0.732684
209 59 0.593584
210 59 0.586905
211 59 0.782471
212 59 0.69975
218 59 1.37953
219 59 0.880313
220 59 1.21861
221 59 1.14531
222 59 0.817068
223 59 0.939225
224 59 0.513823
225 59 0.536698
226 59 0.588236
227 59 0.482033
228 59 0.471871
229 59 0.205271
235 59 1
236 59 1
191 59.5 1
192 59.5 0.416053
193 59.5 0.647955
194 59.5 0.621901
195 59.5 0.759367
196 59.5 0.463617
197 59.5 0.534073
198 59.5 0.603366
199 59.5 0.486098
200 59.5 0.542741
201 59.5 0.469162
202 59.5 0.548975
203 59.5 0.52593
204 59.5 0.517473
205 59.5 0.537374
206 59.5 0.463527
207 59.5 0.418215
208 59.5 0.894402
209 59.5 0.779138
210 59.5 0.896117
211 59.5 0.689485
212 59.5 0.462987
213 59.5 0.528849
214 59.5 0.786036
215 59.5 1.37446
216 59.5 1.63717
217 59.5 0.989641
218 59.5 0.906825
219 59.5 1.41206
220 59.5 1.51239
221 59.5 1.15676
222 59.5 0.959465
223 59.5 0.811674
224 59.5 0.432792
225 59.5 0.470626
226 59.5 0.564296
227 59.5 0.368288
228 59.5 0.304833
229 59.5 0.615065
230 59.5 0.582892
235 59.5 1
191 60 1
192 60 0.377304
193 60 0.681257
194 60 0.514754
195 60 0.676358
196 60 0.62175
197 60 0.479472
198 60 0.40439
199 60 0.459235
200 60 0.416803
201 60 0.528587
202 60 0.46281
203 60 0.419146
204 60 0.366522
205 60 0.503085
206 60 0.509735
207 60 1.01877
208 60 0.663764
209 60 0.762977
210 60 0.482782
211 60 0.585451
212 60 1.00231
213 60 1.60359
214 60 0.81834
215 60 0.896819
216 60 1.31883
217 60 0.974369
218 60 0.608608
219 60 1.61212
220 60 0.704993
221 60 0.489622
222 60 0.432688
223 60 0.428931
224 60 0.466207
225 60 0.68324
226 60 0.504495
227 60 0.29063
228 60 0.255678
229 60 0.296666
230 60 0.427112
192 60.5 1
193 60.5 0.454468
194 60.5 0.423379
195 60.5 0.589741
196 60.5 0.994685
197 60.5 0.805395
198 60.5 0.449036
199 60.5 0.642087
200 60.5 0.357269
201 60.5 0.466065
202 60.5 0.4627
203 60.5 0.711413
204 60.5 0.562757
205 60.5 0.477405
206 60.5 0.571696
207 60.5 0.827056
208 60.5 0.875518
209 60.5 1.73005
210 60.5 0.728479
211 60.5 0.686016
212 60.5 0.686143
213 60.5 0.444106
214 60.5 0.930615
215 60.5 0.563733
216 60.5 0.611883
217 60.5 0.63903
218 60.5 0.650818
219 60.5 0.500663
220 60.5 0.386901
221 60.5 0.345777
222 60.5 0.470928
223 60.5 0.372265
224 60.5 0.327337
225 60.5 0.328007
226 60.5 0.43967
227 60.5 0.352207
228 60.5 0.251222
229 60.5 0.205979
230 60.5 0.235077
231 60.5 0.292614
192 61 1
193 61 0.185626
194 61 0.271233
195 61 0.230309
196 61 0.511782
197 61 0.398578
198 61 0.486266
199 61 0.718195
200 61 0.785768
201 61 0.499813
202 61 0.5406
203 61 0.379953
204 61 0.636903
205 61 0.68106
206 61 0.586361
207 61 0.693681
208 61 1.08571
209 61 1.26492
210 61 1.71706
211 61 1.44606
212 61 0.680305
213 61 0.416246
214 61 0.307857
215 61 0.54039
216 61 0.43651
217 61 0.565014
218 61 0.471164
219 61 0.470083
220 61 0.366491
221 61 0.512969
222 61 0.499922
223 61 0.427608
224 61 0.367603
225 61 0.437179
226 61 0.591648
227 61 0.35479
228 61 0.299307
229 61 0.231687
230 61 0.258562
192 61.5 1
193 61.5 0.214907
194 61.5 0.197903
195 61.5 0.200846
196 61.5 0.54507
197 61.5 0.389616
198 61.5 0.420077
199 61.5 0.54751
200 61.5 0.585406
201 61.5 0.507055
202 61.5 0.639439
203 61.5 0.76589
204 61.5 0.434535
205 61.5 0.661196
206 61.5 0.561408
207 61.5 0.643374
208 61.5 0.45955
209 61.5 0.542122
210 61.5 2.20134
211 61.5 0.789779
212 61.5 0.77398
213 61.5 0.506897
214 61.5 0.569181
215 61.5 0.675893
216 61.5 0.654194
217 61.5 0.539677
218 61.5 0.7187
219 61.5 0.666234
220 61.5 0.536831
221 61.5 0.61396
222 61.5 0.59222
223 61.5 0.514786
224 61.5 0.533215
225 61.5 0.528539
226 61.5 0.29106
227 61.5 0.261563
228 61.5 0.285304
229 61.5 0.385576
230 61.5 0.465814
231 61.5 0.498948
192 62 1
193 62 0.256905
194 62 0.347825
195 62 0.420096
196 62 0.452398
197 62 0.481977
198 62 0.536169
199 62 0.488721
200 62 0.651182
201 62 0.524394
202 62 0.703165
203 62 1.06458
204 62 0.978098
205 62 0.504927
206 62 0.643338
207 62 0.42762
208 62 0.645184
209 62 0.542952
210 62 0.709916
211 62 0.737858
212 62 0.602876
213 62 0.471099
214 62 1.1093
215 62 1.52243
216 62 1.04045
217 62 0.782526
218 62 0.947479
219 62 0.797963
220 62 0.643845
221 62 0.548841
222 62 0.591232
223 62 0.566608
224 62 0.627085
225 62 0.687302
226 62 0.231527
227 62 0.251783
228 62 0.416105
229 62 0.451894
230 62 0.445027
193 62.5 0.266016
194 62.5 0.36165
195 62.5 0.575584
196 62.5 0.458133
197 62.5 0.302923
198 62.5 0.558292
199 62.5 0.613142
200 62.5 0.716884
201 62.5 0.535375
202 62.5 0.587995
203 62.5 0.486171
204 62.5 0.931059
205 62.5 0.591238
206 62.5 0.56697
207 62.5 0.487885
208 62.5 0.574752
209 62.5 0.79707
210 62.5 0.716662
211 62.5 0.63086
212 62.5 0.604908
213 62.5 0.755604
214 62.5 0.868668
215 62.5 0.759667
216 62.5 0.676147
217 62.5 0.716672
218 62.5 0.805583
219 62.5 0.739376
220 62.5 0.485865
221 62.5 0.432078
222 62.5 0.553191
223 62.5 0.542263
224 62.5 0.253206
225 62.5 0.221293
226 62.5 0.232723
227 62.5 0.299743
228 62.5 0.3736
229 62.5 0.412544
230 62.5 0.43994
191 63 0.123598
192 63 0.129945
193 63 0.226057
194 63 0.301431
195 63 0.289373
196 63 0.601646
197 63 0.467043
198 63 0.644917
199 63 0.7583
200 63 1.0417
201 63 0.542622
202 63 0.421225
203 63 0.799046
204 63 0.85851
205 63 0.660369
206 63 0.458644
207 63 0.361985
208 63 0.362103
209 63 0.580951
210 63 0.486884
211 63 0.455724
212 63 0.51211
213 63 0.446863
214 63 1.16367
215 63 0.617286
216 63 0.388197
217 63 0.625024
218 63 0.519195
219 63 0.49049
220 63 0.510324
221 63 0.489015
222 63 0.484751
223 63 0.412383
224 63 0.324112
225 63 0.213835
226 63 0.22226
227 63 0.26333
228 63 0.327686
229 63 0.235844
230 63 0.259959
190 63.5 0.112193
191 63.5 0.0958186
192 63.5 0.165589
193 63.5 0.255825
194 63.5 0.312915
195 63.5 0.363222
196 63.5 1.0296
197 63.5 0.646537
198 63.5 0.672876
199 63.5 0.677519
200 63.5 0.624993
201 63.5 0.326756
202 63.5 0.395527
203 63.5 0.493843
204 63.5 0.53215
205 63.5 0.615748
206 63.5 0.689253
207 63.5 0.491813
208 63.5 0.577397
209 63.5 0.597229
210 63.5 0.658198
211 63.5 0.804071
212 63.5 0.60749
213 63.5 0.466188
214 63.5 0.650551
215 63.5 0.431102
216 63.5 0.497557
217 63.5 0.371007
218 63.5 0.398343
219 63.5 0.46735
220 63.5 0.362839
221 63.5 0.29656
222 63.5 0.445875
223 63.5 0.573714
224 63.5 0.178867
225 63.5 0.156114
226 63.5 0.171435
227 63.5 0.200434
228 63.5 0.252362
229 63.5 0.216001
190 64 0.112329
191 64 0.165457
192 64 0.312881
193 64 0.427314
194 64 0.424956
195 64 0.469451
196 64 0.542872
197 64 0.425986
198 64 0.637897
199 64 0.600235
200 64 0.545559
201 64 0.559762
202 64 0.279859
203 64 0.55374
204 64 0.411271
205 64 0.587055
206 64 0.632508
207 64 0.610087
208 64 0.559405
209 64 0.481803
210 64 0.418776
211 64 0.485157
212 64 0.45111
213 64 0.318862
214 64 0.42807
215 64 0.43607
216 64 0.65449
217 64 0.357615
218 64 0.367171
219 64 0.440429
220 64 0.391693
221 64 0.351651
222 64 0.432264
223 64 0.507586
224 64 0.272306
225 64 0.349273
226 64 0.166464
227 64 0.199257
228 64 0.218515
229 64 0.20847
189 64.5 0.074809
190 64.5 0.129495
191 64.5 0.158248
192 64.5 0.20339
193 64.5 0.465816
194 64.5 0.176239
195 64.5 0.207739
196 64.5 0.244249
197 64.5 0.465346
198 64.5 0.527423
199 64.5 0.553681
200 64.5 0.618407
201 64.5 0.581703
202 64.5 0.510147
203 64.5 0.378216
204 64.5 0.398343
205 64.5 0.459417
206 64.5 0.606034
207 64.5 0.505379
208 64.5 0.579492
209 64.5 0.552671
210 64.5 0.662765
211 64.5 0.650687
212 64.5 0.475957
213 64.5 0.460385
214 64.5 0.399269
215 64.5 0.364802
216 64.5 0.446553
217 64.5 0.486999
218 64.5 0.371015
219 64.5 0.274757
220 64.5 0.438105
221 64.5 0.598393
222 64.5 0.578232
223 64.5 0.478235
224 64.5 0.196928
225 64.5 0.259357
226 64.5 0.209733
227 64.5 0.201842
228 64.5 0.219321
229 64.5 0.239443
230 64.5 1
190 65 0.113847
191 65 0.1419
192 65 0.17712
193 65 0.406265
194 65 0.320834
195 65 0.404487
196 65 0.376426
197 65 0.447096
198 65 0.556423
199 65 0.636214
200 65 0.585934
201 65 0.409407
202 65 1.06283
203 65 1.01965
204 65 0.871545
205 65 0.57162
206 65 0.665982
207 65 0.685333
208 65 0.574713
209 65 0.601742
210 65 0.482119
211 65 0.443304
212 65 0.560287
213 65 0.42423
214 65 0.509494
215 65 0.409974
216 65 0.496996
217 65 0.506197
218 65 0.4119
219 65 0.384816
220 65 0.451189
221 65 0.512944
222 65 0.429487
223 65 0.499202
224 65 0.354621
225 65 0.204343
226 65 0.244254
227 65 0.194587
228 65 0.215188
192 65.5 0.106399
193 65.5 0.139793
194 65.5 0.221871
195 65.5 0.206072
196 65.5 0.379146
197 65.5 0.445832
198 65.5 0.600346
199 65.5 0.677817
200 65.5 0.585798
201 65.5 0.512562
202 65.5 0.881386
203 65.5 1.10123
204 65.5 1.10546
205 65.5 0.821291
206 65.5 0.787233
207 65.5 0.600464
208 65.5 0.548283
209 65.5 0.531136
210 65.5 0.675567
211 65.5 0.806311
212 65.5 0.503217
213 65.5 0.439216
214 65.5 0.576169
215 65.5 0.456846
216 65.5 0.42098
217 65.5 0.497934
218 65.5 0.45937
219 65.5 0.480974
220 65.5 0.574479
221 65.5 0.557773
222 65.5 0.63933
223 65.5 0.500688
224 65.5 0.298841
225 65.5 0.247423
226 65.5 0.252177
227 65.5 0.164381
228 65.5 0.211528
192 66 0.105442
193 66 0.116523
194 66 0.155028
195 66 0.190052
196 66 0.248887
197 66 0.26047
198 66 0.665298
199 66 1.1108
200 66 0.555897
201 66 0.888772
202 66 0.92741
203 66 0.707968
204 66 0.727045
205 66 0.47867
206 66 0.667982
207 66 0.639774
208 66 0.669497
209 66 0.598761
210 66 0.59424
211 66 0.755627
212 66 0.615307
213 66 0.548593
214 66 0.53839
215 66 0.557436
216 66 0.627797
217 66 0.673432
218 66 0.61955
219 66 0.573156
220 66 0.435511
221 66 0.464118
222 66 0.446124
223 66 0.561641
224 66 0.651126
225 66 0.461202
226 66 0.215526
227 66 0.222633
228 66 0.234394
193 66.5 0.121147
194 66.5 0.154392
195 66.5 0.509834
196 66.5 0.404467
197 66.5 0.598215
198 66.5 0.558963
199 66.5 0.565376
200 66.5 0.594039
201 66.5 0.77393
202 66.5 0.958909
203 66.5 0.742182
204 66.5 0.684179
205 66.5 1.02732
206 66.5 0.787436
207 66.5 0.543413
208 66.5 0.678134
209 66.5 0.564288
210 66.5 0.60176
211 66.5 0.679042
212 66.5 0.707082
213 66.5 0.565784
214 66.5 0.475602
215 66.5 0.47625
216 66.5 0.621362
217 66.5 0.652886
218 66.5 0.768492
219 66.5 0.49023
220 66.5 0.446165
221 66.5 0.429082
222 66.5 0.374688
223 66.5 0.572968
224 66.5 0.48238
225 66.5 0.494397
226 66.5 0.284944
227 66.5 0.295112
228 66.5 0.289757
229 66.5 0.312613
193 67 0.163388
194 67 0.179726
195 67 0.599406
196 67 0.50162
197 67 0.440985
198 67 0.518973
199 67 0.539613
200 67 0.624643
201 67 0.57052
202 67 0.521331
203 67 0.507679
204 67 0.56624
205 67 0.581091
206 67 0.63487
207 67 0.446728
208 67 0.722359
209 67 0.619046
210 67 0.619468
211 67 0.462946
212 67 0.705639
213 67 0.832298
214 67 0.470769
215 67 0.535573
216 67 0.518121
217 67 0.467008
218 67 0.578667
219 67 0.639859
220 67 0.468583
221 67 0.30558
222 67 0.383504
223 67 0.619865
224 67 0.631536
225 67 0.536834
226 67 0.388301
227 67 0.358303
228 67 0.363663
229 67 0.378212
230 67 0.39561
193 67.5 0.183436
194 67.5 0.267148
195 67.5 0.532514
196 67.5 0.535395
197 67.5 0.519508
198 67.5 0.791219
199 67.5 0.599684
200 67.5 0.644106
201 67.5 0.554517
202 67.5 0.47181
203 67.5 0.528462
204 67.5 0.451317
205 67.5 0.293936
206 67.5 0.475597
207 67.5 0.592846
208 67.5 0.483702
209 67.5 0.335633
210 67.5 0.369173
211 67.5 0.544839
212 67.5 0.649645
213 67.5 0.548912
214 67.5 0.406748
215 67.5 0.523089
216 67.5 0.341518
217 67.5 0.533248
218 67.5 0.74724
219 67.5 0.468192
220 67.5 0.484437
221 67.5 0.372194
222 67.5 0.38895
223 67.5 0.507719
224 67.5 0.470494
225 67.5 0.360542
226 67.5 0.301011
227 67.5 0.384217
228 67.5 0.507315
229 67.5 0.470908
230 67.5 0.449994
231 67.5 0.375938
232 67.5 1
194 68 0.195276
195 68 0.230112
196 68 0.230268
197 68 0.264802
198 68 0.483823
199 68 0.551301
200 68 0.550366
201 68 0.556497
202 68 0.69191
203 68 0.750771
204 68 0.750927
205 68 0.757373
206 68 0.719097
207 68 0.910922
208 68 1.59181
209 68 1.89693
210 68 1.02016
211 68 0.506438
212 68 0.511691
213 68 0.366116
214 68 0.435086
215 68 0.480922
216 68 0.487556
217 68 0.467789
218 68 0.42199
219 68 0.554044
220 68 0.640692
221 68 0.620679
222 68 0.261037
223 68 0.422198
224 68 0.433446
225 68 0.622769
226 68 0.47577
227 68 0.51345
228 68 0.517826
229 68 0.539266
230 68 0.434537
231 68 0.404774
232 68 0.342725
233 68 0.298979
195 68.5 0.242336
196 68.5 0.264418
197 68.5 0.388956
198 68.5 0.428815
199 68.5 0.423304
200 68.5 0.51954
201 68.5 0.413028
202 68.5 0.611797
203 68.5 0.815676
204 68.5 0.972275
205 68.5 1.44913
206 68.5 1.00062
207 68.5 1.42433
208 68.5 1.42965
209 68.5 1.49133
210 68.5 0.961648
211 68.5 0.505469
212 68.5 0.488874
213 68.5 0.455727
214 68.5 0.494009
215 68.5 0.423804
216 68.5 0.418452
217 68.5 0.332734
218 68.5 0.46772
219 68.5 0.578659
220 68.5 0.596446
221 68.5 0.570472
222 68.5 0.288885
223 68.5 0.331236
224 68.5 0.405842
225 68.5 0.454881
226 68.5 0.48897
227 68.5 0.569289
228 68.5 0.623367
229 68.5 0.567266
230 68.5 0.442343
231 68.5 0.374739
232 68.5 0.305704
233 68.5 0.252809
234 68.5 0.220099
235 68.5 1
197 69 0.336437
198 69 0.315107
199 69 0.654263
200 69 0.567257
201 69 0.397595
202 69 1.04218
203 69 1.47201
204 69 1.4367
205 69 1.45245
206 69 1.63387
207 69 1.35185
208 69 0.935068
209 69 1.07079
210 69 1.10807
211 69 1.71568
212 69 1.39296
213 69 0.369111
214 69 0.400234
215 69 0.418591
216 69 0.451143
217 69 0.349974
218 69 0.357944
219 69 0.456774
220 69 0.542244
221 69 0.531498
222 69 0.342088
223 69 0.394362
224 69 0.527366
225 69 0.591377
226 69 0.743027
227 69 0.568608
228 69 0.397165
229 69 0.253238
230 69 0.432006
231 69 0.446546
232 69 0.407779
233 69 0.299536
234 69 0.221495
235 69 0.169322
197 69.5 0.379326
198 69.5 0.225498
199 69.5 0.404985
200 69.5 0.69287
201 69.5 0.943014
202 69.5 1.56034
203 69.5 1.40215
204 69.5 1.71486
205 69.5 1.7908
206 69.5 1.8252
207 69.5 2.82343
208 69.5 2.14039
209 69.5 1.8149
210 69.5 1.41279
211 69.5 1.03531
212 69.5 0.936063
213 69.5 0.680465
214 69.5 0.567139
215 69.5 0.525306
216 69.5 0.487201
217 69.5 0.337846
218 69.5 0.430399
219 69.5 0.510022
220 69.5 0.525941
221 69.5 0.545117
222 69.5 0.602204
223 69.5 0.671703
224 69.5 0.601637
225 69.5 0.545913
226 69.5 0.562376
227 69.5 0.579994
228 69.5 0.42816
229 69.5 0.309475
230 69.5 0.552247
231 69.5 0.6833
232 69.5 0.767317
233 69.5 0.591103
235 69.5 1
198 70 0.374698
199 70 0.465918
200 70 1.44378
201 70 1.59638
202 70 1.957
203 70 2.17068
204 70 2.62542
205 70 2.48174
206 70 3.31685
207 70 1.75604
208 70 1.1923
209 70 0.331247
210 70 0.274208
211 70 0.23141
212 70 0.211991
213 70 0.2263
214 70 0.248645
215 70 0.323753
223 70 0.993472
224 70 1.01559
225 70 1.01354
226 70 0.734689
227 70 0.482305
228 70 0.42414
229 70 0.387403
230 70 0.406965
231 70 0.565244
200 70.5 0.523432
201 70.5 0.710729
202 70.5 0.702554
203 70.5 0.870999
204 70.5 1.24972
205 70.5 0.649639
206 70.5 0.509384
207 70.5 0.317136
208 70.5 0.300599
209 70.5 0.237524
210 70.5 0.272728
211 70.5 0.265862
212 70.5 0.227825
213 70.5 0.323636
227 70.5 0.663071
228 70.5 0.59652
229 70.5 0.521455
230 70.5 0.43178
231 70.5 0.399427
202 71 0.158528
203 71 0.264776
204 71 0.344483
205 71 0.346728
206 71 0.319044
207 71 0.437907
209 71 1
210 71 1
211 71 1
228 71 1
229 71 0.666621
230 71 0.719597
231 71 0.579197
232 71 0.426366
233 71 0.490713
234 71 1
204 71.5 0.227035
230 71.5 0.800278
231 71.5 0.679243
232 71.5 0.444014
233 71.5 0.341628
234 71.5 1
235 71.5 1
