-88.00      0.00
  0   1.940  1.940  1.940  1.940  1.940  1.940  1.940  1.940  1.940
  4   3.388  3.388  3.388  3.282  3.282  3.282  3.494  3.494  3.494
  8   3.388  3.388  3.388  3.282  3.282  3.282  3.494  3.494  3.494
 12   3.388  3.388  3.388  3.282  3.282  3.282  3.494  3.494  3.494
 16   3.388  3.388  3.388  3.282  3.282  3.282  3.494  3.494  3.494
 20   3.879  3.879  3.879  3.784  3.784  3.784  3.974  3.974  3.974
 24   3.879  3.879  3.879  3.784  3.784  3.784  3.974  3.974  3.974
 28   3.879  3.879  3.879  3.784  3.784  3.784  3.974  3.974  3.974
 32   3.971  3.971  3.971  3.864  3.864  3.864  4.078  4.078  4.078
 36   3.971  3.971  3.971  3.864  3.864  3.864  4.078  4.078  4.078
 40   3.971  3.971  3.971  3.864  3.864  3.864  4.078  4.078  4.078
 44   4.291  4.266  4.317  3.900  3.900  3.900  4.683  4.632  4.734
 48   4.564  4.511  4.617  4.441  4.382  4.500  4.687  4.641  4.734
 52   4.576  4.524  4.629  4.466  4.409  4.522  4.687  4.639  4.735
 56   4.592  4.539  4.646  4.496  4.441  4.551  4.689  4.636  4.741
 60   4.612  4.558  4.665  4.529  4.477  4.582  4.694  4.640  4.749
 64   4.634  4.577  4.690  4.554  4.501  4.608  4.713  4.654  4.772
 68   4.656  4.595  4.717  4.576  4.518  4.634  4.736  4.672  4.800
 72   4.675  4.610  4.739  4.595  4.534  4.656  4.754  4.686  4.822
 76   4.687  4.624  4.750  4.605  4.550  4.661  4.768  4.697  4.839
 80   4.697  4.636  4.758  4.615  4.566  4.664  4.779  4.706  4.852
 84   4.706  4.646  4.765  4.624  4.577  4.670  4.788  4.715  4.861
 88   4.714  4.658  4.770  4.634  4.591  4.676  4.795  4.725  4.865
 92   4.721  4.668  4.774  4.644  4.606  4.682  4.798  4.731  4.865
 96   4.727  4.678  4.776  4.655  4.621  4.690  4.798  4.734  4.862
100   4.732  4.687  4.777  4.666  4.634  4.697  4.798  4.740  4.857
104   4.736  4.695  4.777  4.674  4.646  4.702  4.798  4.743  4.853
108   4.739  4.701  4.777  4.681  4.655  4.707  4.796  4.746  4.847
112   4.737  4.698  4.775  4.677  4.649  4.705  4.796  4.746  4.846
116   4.735  4.696  4.773  4.672  4.644  4.699  4.798  4.749  4.846
120   4.733  4.696  4.771  4.667  4.639  4.695  4.800  4.753  4.846
124   4.732  4.697  4.768  4.663  4.634  4.691  4.802  4.759  4.846
128   4.732  4.698  4.767  4.660  4.632  4.689  4.804  4.764  4.844
132   4.733  4.699  4.767  4.659  4.631  4.688  4.807  4.768  4.845
136   4.735  4.702  4.768  4.658  4.631  4.686  4.812  4.773  4.850
140   4.738  4.706  4.769  4.659  4.632  4.685  4.817  4.780  4.854
144   4.740  4.710  4.770  4.660  4.635  4.685  4.821  4.786  4.856
148   4.742  4.714  4.771  4.662  4.638  4.685  4.822  4.789  4.856
152   4.743  4.716  4.771  4.664  4.641  4.687  4.823  4.792  4.854
156   4.745  4.720  4.770  4.667  4.646  4.689  4.823  4.793  4.852
160   4.746  4.723  4.770  4.671  4.651  4.691  4.822  4.794  4.849
164   4.747  4.725  4.769  4.675  4.657  4.693  4.819  4.793  4.845
168   4.748  4.728  4.768  4.680  4.664  4.695  4.817  4.793  4.841
172   4.748  4.729  4.766  4.682  4.668  4.696  4.813  4.791  4.836
176   4.746  4.729  4.762  4.683  4.670  4.695  4.808  4.788  4.829
180   4.744  4.729  4.760  4.684  4.673  4.694  4.804  4.784  4.825
-88.00      2.00
  0   1.940  1.940  1.940  1.940  1.940  1.940  1.940  1.940  1.940
  4   1.740  1.740  1.740  1.740  1.740  1.740  1.740  1.740  1.740
  8   3.396  3.396  3.396  3.269  3.269  3.269  3.524  3.524  3.524
 12   3.396  3.396  3.396  3.269  3.269  3.269  3.524  3.524  3.524
 16   3.396  3.396  3.396  3.269  3.269  3.269  3.524  3.524  3.524
 20   3.863  3.863  3.863  3.712  3.712  3.712  4.014  4.014  4.014
 24   3.863  3.863  3.863  3.712  3.712  3.712  4.014  4.014  4.014
 28   3.863  3.863  3.863  3.712  3.712  3.712  4.014  4.014  4.014
 32   3.967  3.967  3.967  3.855  3.855  3.855  4.079  4.079  4.079
 36   3.967  3.967  3.967  3.855  3.855  3.855  4.079  4.079  4.079
 40   3.967  3.967  3.967  3.855  3.855  3.855  4.079  4.079  4.079
 44   4.230  4.199  4.261  3.858  3.858  3.858  4.602  4.540  4.663
 48   4.514  4.443  4.584  4.421  4.341  4.500  4.606  4.546  4.667
 52   4.531  4.463  4.599  4.447  4.372  4.522  4.615  4.554  4.675
 56   4.554  4.486  4.623  4.478  4.408  4.549  4.630  4.564  4.697
 60   4.583  4.516  4.649  4.510  4.444  4.576  4.655  4.588  4.722
 64   4.608  4.544  4.673  4.535  4.472  4.598  4.682  4.615  4.748
 68   4.633  4.571  4.696  4.560  4.501  4.619  4.706  4.640  4.772
 72   4.655  4.594  4.715  4.583  4.527  4.639  4.727  4.662  4.792
 76   4.672  4.612  4.732  4.601  4.546  4.656  4.743  4.678  4.807
 80   4.686  4.628  4.744  4.616  4.561  4.670  4.756  4.695  4.818

