# depth vsv vsh vpv vph eta dip strike rho
0 1.691 1.691 3.381 3.381 1 0 0 1.75886
0.240689 1.691 1.691 3.381 3.381 1 0 0 1.75886
0.240689 1.91967 1.91967 3.83867 3.83867 1 0 0 1.92354
0.481378 1.91967 1.91967 3.83867 3.83867 1 0 0 1.92354
0.481378 2.14833 2.14833 4.29633 4.29633 1 0 0 2.08823
0.722067 2.14833 2.14833 4.29633 4.29633 1 0 0 2.08823
0.722067 2.377 2.377 4.754 4.754 1 0 0 2.25292
0.962756 2.377 2.377 4.754 4.754 1 0 0 2.25292
0.962756 3.171 3.171 5.613 5.613 1 0 0 2.56212
2.55247 3.171 3.171 5.613 5.613 1 0 0 2.56212
2.55247 3.28586 3.28586 5.81625 5.81625 1 0 0 2.63533
4.14218 3.28586 3.28586 5.81625 5.81625 1 0 0 2.63533
4.14218 3.38692 3.38692 5.99507 5.99507 1 0 0 2.69974
5.73189 3.38692 3.38692 5.99507 5.99507 1 0 0 2.69974
5.73189 3.47443 3.47443 6.1499 6.1499 1 0 0 2.75552
7.3216 3.47443 3.47443 6.1499 6.1499 1 0 0 2.75552
7.3216 3.54937 3.54937 6.2825 6.2825 1 0 0 2.80328
8.91132 3.54937 3.54937 6.2825 6.2825 1 0 0 2.80328
8.91132 3.61271 3.61271 6.39457 6.39457 1 0 0 2.84366
10.501 3.61271 3.61271 6.39457 6.39457 1 0 0 2.84366
10.501 3.66544 3.66544 6.48785 6.48785 1 0 0 2.87727
12.0907 3.66544 3.66544 6.48785 6.48785 1 0 0 2.87727
12.0907 3.70853 3.70853 6.56407 6.56407 1 0 0 2.90473
13.6805 3.70853 3.70853 6.56407 6.56407 1 0 0 2.90473
13.6805 3.74296 3.74296 6.62496 6.62496 1 0 0 2.92667
15.2702 3.74296 3.74296 6.62496 6.62496 1 0 0 2.92667
15.2702 3.76969 3.76969 6.67223 6.67223 1 0 0 2.94371
16.8599 3.76969 3.76969 6.67223 6.67223 1 0 0 2.94371
16.8599 3.78971 3.78971 6.70762 6.70762 1 0 0 2.95648
18.4496 3.78971 3.78971 6.70762 6.70762 1 0 0 2.95648
18.4496 3.80399 3.80399 6.73285 6.73285 1 0 0 2.96558
20.0393 3.80399 3.80399 6.73285 6.73285 1 0 0 2.96558
20.0393 3.81352 3.81352 6.74966 6.74966 1 0 0 2.97165
21.629 3.81352 3.81352 6.74966 6.74966 1 0 0 2.97165
21.629 3.81925 3.81925 6.75977 6.75977 1 0 0 2.9753
23.2187 3.81925 3.81925 6.75977 6.75977 1 0 0 2.9753
23.2187 3.82218 3.82218 6.76491 6.76491 1 0 0 2.97717
24.8084 3.82218 3.82218 6.76491 6.76491 1 0 0 2.97717
24.8084 3.82327 3.82327 6.7668 6.7668 1 0 0 2.97786
26.3981 3.82327 3.82327 6.7668 6.7668 1 0 0 2.97786
26.3981 3.8235 3.8235 6.76717 6.76717 1 0 0 2.97801
27.9879 3.8235 3.8235 6.76717 6.76717 1 0 0 2.97801
27.9879 3.82385 3.82385 6.76775 6.76775 1 0 0 2.97823
29.5776 3.82385 3.82385 6.76775 6.76775 1 0 0 2.97823
29.5776 3.8253 3.8253 6.77027 6.77027 1 0 0 2.97916
31.1673 3.8253 3.8253 6.77027 6.77027 1 0 0 2.97916
31.1673 3.82881 3.82881 6.77646 6.77646 1 0 0 2.9814
32.757 3.82881 3.82881 6.77646 6.77646 1 0 0 2.9814
32.757 3.83537 3.83537 6.78803 6.78803 1 0 0 2.98558
34.3467 3.83537 3.83537 6.78803 6.78803 1 0 0 2.98558
34.3467 3.84595 3.84595 6.80673 6.80673 1 0 0 2.99232
35.9364 3.84595 3.84595 6.80673 6.80673 1 0 0 2.99232
35.9364 3.86153 3.86153 6.83427 6.83427 1 0 0 3.00225
37.5261 3.86153 3.86153 6.83427 6.83427 1 0 0 3.00225
37.5261 3.88308 3.88308 6.87239 6.87239 1 0 0 3.01599
39.1158 3.88308 3.88308 6.87239 6.87239 1 0 0 3.01599
39.1158 3.91158 3.91158 6.9228 6.9228 1 0 0 3.03415
40.7055 3.91158 3.91158 6.9228 6.9228 1 0 0 3.03415
40.7055 3.94801 3.94801 6.98725 6.98725 1 0 0 3.05737
42.2953 3.94801 3.94801 6.98725 6.98725 1 0 0 3.05737
42.2953 3.99334 3.99334 7.06745 7.06745 1 0 0 3.08626
43.885 3.99334 3.99334 7.06745 7.06745 1 0 0 3.08626
43.885 4.04854 4.04854 7.16513 7.16513 1 0 0 3.12145
45.4747 4.04854 4.04854 7.16513 7.16513 1 0 0 3.12145
45.4747 4.1146 4.1146 7.28203 7.28203 1 0 0 3.16355
47.0644 4.1146 4.1146 7.28203 7.28203 1 0 0 3.16355
47.0644 4.192 4.192 7.419 7.419 1 0 0 3.21288
48.6541 4.192 4.192 7.419 7.419 1 0 0 3.21288
48.6541 4.484 4.484 7.936 7.936 1 0 0 3.35
51.1765 4.484 4.484 7.936 7.936 1 0 0 3.35
51.1765 4.46274 4.46274 7.89857 7.89857 1 0 0 3.35
53.699 4.46274 4.46274 7.89857 7.89857 1 0 0 3.35
53.699 4.44155 4.44155 7.86123 7.86123 1 0 0 3.35
56.2214 4.44155 4.44155 7.86123 7.86123 1 0 0 3.35
56.2214 4.42068 4.42068 7.82443 7.82443 1 0 0 3.35
58.7438 4.42068 4.42068 7.82443 7.82443 1 0 0 3.35
58.7438 4.40013 4.40013 7.78819 7.78819 1 0 0 3.35
61.2662 4.40013 4.40013 7.78819 7.78819 1 0 0 3.35
61.2662 4.3799 4.3799 7.75249 7.75249 1 0 0 3.35
63.7887 4.3799 4.3799 7.75249 7.75249 1 0 0 3.35
63.7887 4.35999 4.35999 7.71734 7.71734 1 0 0 3.35
66.3111 4.35999 4.35999 7.71734 7.71734 1 0 0 3.35
66.3111 4.3404 4.3404 7.68274 7.68274 1 0 0 3.35
68.8335 4.3404 4.3404 7.68274 7.68274 1 0 0 3.35
68.8335 4.32114 4.32114 7.64869 7.64869 1 0 0 3.35
71.3559 4.32114 4.32114 7.64869 7.64869 1 0 0 3.35
71.3559 4.30219 4.30219 7.6152 7.6152 1 0 0 3.35
73.8784 4.30219 4.30219 7.6152 7.6152 1 0 0 3.35
73.8784 4.28356 4.28356 7.58226 7.58226 1 0 0 3.35
76.4008 4.28356 4.28356 7.58226 7.58226 1 0 0 3.35
76.4008 4.26526 4.26526 7.54988 7.54988 1 0 0 3.35
78.9232 4.26526 4.26526 7.54988 7.54988 1 0 0 3.35
78.9232 4.24727 4.24727 7.51806 7.51806 1 0 0 3.35
81.4457 4.24727 4.24727 7.51806 7.51806 1 0 0 3.35
81.4457 4.22961 4.22961 7.48679 7.48679 1 0 0 3.23685
83.9681 4.22961 4.22961 7.48679 7.48679 1 0 0 3.23685
83.9681 4.21226 4.21226 7.45609 7.45609 1 0 0 3.2258
86.4905 4.21226 4.21226 7.45609 7.45609 1 0 0 3.2258
86.4905 4.19524 4.19524 7.42595 7.42595 1 0 0 3.21495
89.013 4.19524 4.19524 7.42595 7.42595 1 0 0 3.21495
89.013 4.17854 4.17854 7.39637 7.39637 1 0 0 3.20431
91.5354 4.17854 4.17854 7.39637 7.39637 1 0 0 3.20431
91.5354 4.16216 4.16216 7.36735 7.36735 1 0 0 3.19387
94.0578 4.16216 4.16216 7.36735 7.36735 1 0 0 3.19387
94.0578 4.1461 4.1461 7.3389 7.3389 1 0 0 3.18363
96.5802 4.1461 4.1461 7.3389 7.3389 1 0 0 3.18363
96.5802 4.13036 4.13036 7.31102 7.31102 1 0 0 3.1736
99.1027 4.13036 4.13036 7.31102 7.31102 1 0 0 3.1736
99.1027 4.11494 4.11494 7.28371 7.28371 1 0 0 3.16377
101.625 4.11494 4.11494 7.28371 7.28371 1 0 0 3.16377
101.625 4.09988 4.09988 7.25703 7.25703 1 0 0 3.15417
104.148 4.09988 4.09988 7.25703 7.25703 1 0 0 3.15417
104.148 4.08527 4.08527 7.23115 7.23115 1 0 0 3.14486
106.67 4.08527 4.08527 7.23115 7.23115 1 0 0 3.14486
106.67 4.07121 4.07121 7.20623 7.20623 1 0 0 3.13589
109.192 4.07121 4.07121 7.20623 7.20623 1 0 0 3.13589
109.192 4.05778 4.05778 7.18245 7.18245 1 0 0 3.12733
111.715 4.05778 4.05778 7.18245 7.18245 1 0 0 3.12733
111.715 4.04509 4.04509 7.15996 7.15996 1 0 0 3.11925
114.237 4.04509 4.04509 7.15996 7.15996 1 0 0 3.11925
114.237 4.03323 4.03323 7.13896 7.13896 1 0 0 3.11169
116.76 4.03323 4.03323 7.13896 7.13896 1 0 0 3.11169
116.76 4.02229 4.02229 7.11959 7.11959 1 0 0 3.10472
119.282 4.02229 4.02229 7.11959 7.11959 1 0 0 3.10472
119.282 4.01239 4.01239 7.10204 7.10204 1 0 0 3.0984
121.805 4.01239 4.01239 7.10204 7.10204 1 0 0 3.0984
121.805 4.00359 4.00359 7.08646 7.08646 1 0 0 3.0928
124.327 4.00359 4.00359 7.08646 7.08646 1 0 0 3.0928
124.327 3.99602 3.99602 7.07304 7.07304 1 0 0 3.08797
126.849 3.99602 3.99602 7.07304 7.07304 1 0 0 3.08797
126.849 3.98975 3.98975 7.06193 7.06193 1 0 0 3.08398
129.372 3.98975 3.98975 7.06193 7.06193 1 0 0 3.08398
129.372 3.98489 3.98489 7.05332 7.05332 1 0 0 3.08088
131.894 3.98489 3.98489 7.05332 7.05332 1 0 0 3.08088
131.894 3.98153 3.98153 7.04736 7.04736 1 0 0 3.07874
134.417 3.98153 3.98153 7.04736 7.04736 1 0 0 3.07874
134.417 3.97977 3.97977 7.04424 7.04424 1 0 0 3.07761
136.939 3.97977 3.97977 7.04424 7.04424 1 0 0 3.07761
136.939 3.9797 3.9797 7.0441 7.0441 1 0 0 3.07757
139.462 3.9797 3.9797 7.0441 7.0441 1 0 0 3.07757
139.462 3.98142 3.98142 7.04714 7.04714 1 0 0 3.07867
141.984 3.98142 3.98142 7.04714 7.04714 1 0 0 3.07867
141.984 3.98503 3.98503 7.05351 7.05351 1 0 0 3.08096
144.506 3.98503 3.98503 7.05351 7.05351 1 0 0 3.08096
144.506 3.99061 3.99061 7.06339 7.06339 1 0 0 3.08452
147.029 3.99061 3.99061 7.06339 7.06339 1 0 0 3.08452
147.029 3.99827 3.99827 7.07694 7.07694 1 0 0 3.08941
149.551 3.99827 3.99827 7.07694 7.07694 1 0 0 3.08941
149.551 4.0081 4.0081 7.09433 7.09433 1 0 0 3.09567
152.074 4.0081 4.0081 7.09433 7.09433 1 0 0 3.09567
152.074 4.0202 4.0202 7.11574 7.11574 1 0 0 3.10338
154.596 4.0202 4.0202 7.11574 7.11574 1 0 0 3.10338
154.596 4.03467 4.03467 7.14133 7.14133 1 0 0 3.1126
157.119 4.03467 4.03467 7.14133 7.14133 1 0 0 3.1126
157.119 4.05159 4.05159 7.17128 7.17128 1 0 0 3.12339
159.641 4.05159 4.05159 7.17128 7.17128 1 0 0 3.12339
159.641 4.07106 4.07106 7.20574 7.20574 1 0 0 3.1358
162.163 4.07106 4.07106 7.20574 7.20574 1 0 0 3.1358
162.163 4.09319 4.09319 7.2449 7.2449 1 0 0 3.1499
164.686 4.09319 4.09319 7.2449 7.2449 1 0 0 3.1499
164.686 4.11806 4.11806 7.28892 7.28892 1 0 0 3.16576
167.208 4.11806 4.11806 7.28892 7.28892 1 0 0 3.16576
167.208 4.14578 4.14578 7.33796 7.33796 1 0 0 3.18342
169.731 4.14578 4.14578 7.33796 7.33796 1 0 0 3.18342
169.731 4.17643 4.17643 7.39221 7.39221 1 0 0 3.20296
172.253 4.17643 4.17643 7.39221 7.39221 1 0 0 3.20296
172.253 4.21011 4.21011 7.45182 7.45182 1 0 0 3.22443
174.776 4.21011 4.21011 7.45182 7.45182 1 0 0 3.22443
174.776 4.24692 4.24692 7.51697 7.51697 1 0 0 3.35
177.298 4.24692 4.24692 7.51697 7.51697 1 0 0 3.35
177.298 4.28696 4.28696 7.58783 7.58783 1 0 0 3.35
179.82 4.28696 4.28696 7.58783 7.58783 1 0 0 3.35
179.82 4.33032 4.33032 7.66457 7.66457 1 0 0 3.35
182.343 4.33032 4.33032 7.66457 7.66457 1 0 0 3.35
182.343 4.3771 4.3771 7.74735 7.74735 1 0 0 3.35
184.865 4.3771 4.3771 7.74735 7.74735 1 0 0 3.35
184.865 4.42738 4.42738 7.83635 7.83635 1 0 0 3.35
187.388 4.42738 4.42738 7.83635 7.83635 1 0 0 3.35
187.388 4.48128 4.48128 7.93173 7.93173 1 0 0 3.35
189.91 4.48128 4.48128 7.93173 7.93173 1 0 0 3.35
189.91 4.53887 4.53887 8.03366 8.03366 1 0 0 3.35
192.433 4.53887 4.53887 8.03366 8.03366 1 0 0 3.35
192.433 4.60027 4.60027 8.14232 8.14232 1 0 0 3.35
194.955 4.60027 4.60027 8.14232 8.14232 1 0 0 3.35
194.955 4.66556 4.66556 8.25787 8.25787 1 0 0 3.35
197.477 4.66556 4.66556 8.25787 8.25787 1 0 0 3.35
197.477 4.734 4.734 8.379 8.379 1 0 0 3.35
200 4.734 4.734 8.379 8.379 1 0 0 3.35
