AKLV (1)     54.16  / -165.96    79      12.75     0.96      0.32 
AKSA  (2)     54.11  / -165.70    90      2.5         1.35       0.1
AKUT  (4)    54.14  / -165.77    69      2             1.35       0.1                  
ANM (2)      64.56  / -165.37    62      2.75       1.38      0.14                 
AUJA (2)     59.34  / -153.42    57      5             1.32      0.19                 
AUSB (1)     59.33  / -153.43    47      4.25       1.44       0.2                   
B22K  (1)      70.34  / -153.42    29      1.25       1.35      0.05                 
BAL  (2)        61.04  / -142.35    12      4.5         1.14      0.32                 
BARN  (1)    61.06  / -141.66    -72     16.75     0.72      0.28                 
BCP  (4)        59.95  / -139.64    -36     3.5         1.11      0.08                 
BERG (2)     60.39  / -143.70    12      1.25       1.26      0.11                 
BESE  (2)      58.58  / -134.86    -65     2.5         1.65      0.11                 
BGLC  (1)     60.12  / -143.28    84      14.75     0.54       0.1                   
BMR (3)       60.97  / -144.61    0         4.5         1.02      0.23                 
BPAW (7)    64.10  / -150.99    40      1              1.2       0.01                 
BRLK  (6)    59.75  / -150.91    11      0.75       1.14      0.03                 
BRSE (3)     59.74  / -150.74    6         0.75       0.96      0.05                 
BWN (2)      64.17  / -149.30    17      6.25       1.08        0.3                  
C24K  (2)      69.72  / -148.70    35      0.75       1.25      0.08                 
C26K  (3)      69.92  / -144.91    59      6.25        0.8        0.06                 
C27K  (3)      69.63  / -143.71    39      1.25      1.525      0.1                   
CAPN  (3)    60.77  / -151.15    -58     2.25       1.86      0.14                 
CAST (3)      63.42  / -152.08    45      2.5         1.26      0.05                 
CCB  (4)         64.65  / -147.81    83      4            0.66      0.05                 
CHGN  (2)     56.30  / -158.41    34      7.75       0.57      0.06                 
CNP  (4)         59.53  / -151.24    -9       5            0.63      0.06                 
COLD  (8)    67.23  / -150.20    74      14.25     0.72      0.17                 
CTG (3)       60.96  / -141.34    -68     2.75       0.96      0.09                 
CUT  (5)       62.41  / -150.26    -63     1             2.34      0.06                 
D23K  (2)     68.97  / -150.68    13      2.5          0.7       0.06                 
D24K  (3)     69.15  / -148.82    33      1.5          0.8       0.03                 
D25K  (4)       69.32  / -146.38    59      1.75        1.1        0.03                
DAWY (2)    64.06  / -139.39    -46     0.25      1.075     0.01                 
DIV  (1)          61.13  / -145.77    5         4.25       1.29      0.26                 
DOT  (1)        63.65  / -144.07    -57     4              1.2        0.23                 
E18K  (1)       67.42  / -160.60    37      9.25       0.75      0.11                 
E23K  (3)       68.06  / -149.62    17      3              0.8        0.08                 
E24K  (3)       68.07  / -148.49    30      1.5         0.95      0.04                 
E25K  (4)       68.12  / -145.57    62      1            0.775     0.02                 
E27K  (2)      68.19  / -141.60    60      6.5        1.025     0.17                 
EPYK  (5)    66.37  / -136.72    68      2              0.7        0.03                 
EYAK (3)    60.55  / -145.75    -4       9             0.72      0.14                 
F17K  (1)      66.44  / -161.25    55      9            1.025     0.15                 
F19K  (1)      66.83  / -157.77    48      3.25       1.25      0.04                 
F20K  (1)      67.05  / -155.73    69      7.25      1.175     0.11                 
F22K  (2)      67.51  / -152.18    50      3.5        1.075     0.12
F24K  (4)      67.52  / -147.89    30      1.5          0.8        0.04                 
F25K  (3)     67.59  / -145.64    62      3.5        0.475     0.03                 
F26K  (1)     67.69  / -144.15    -80     10         0.925     0.16                 
F31M (5)     67.44  / -133.74    69      0.75      0.875     0.01                 
F6TP  (3)     64.87  / -149.56    66      3.5         1.71      0.05                 
F7TV  (5)     64.85  / -149.83    54      2.5         1.47      0.04               
F8KN  (6)    64.77  / -149.93    42      7              0.7        0.05                 
FALS (4)      54.86  / -163.42    -86     1.25       1.05      0.07                 
FID  (4)         60.73  / -146.60    -38     7.75       0.48      0.05                 
FIRE  (3)      61.14  / -150.22    -57     1.75       1.65      0.11                 
FPAP (2)     64.61  / -149.10    48      6.5         1.65      0.14                 
FTGH  (3)    64.69  / -148.83    87      5.75       2.76      0.28                 
FYU (5)      66.57  / -145.23    73      1              0.9        0.02                 
G17K  (1)    65.50  / -160.65    46      3             1.05      0.04                 
G18K  (1)    65.89  / -158.65    42      9.25      0.875     0.18                 
G19K  (1)    66.14  / -157.09    61      4.75      0.925     0.04                 
G21K  (2)    66.52  / -153.51    25      2.25       0.85      0.01                 
G22K  (4)    66.92  / -151.51    51      4.5          0.9        0.06                 
G23K  (4)    66.71  / -150.02    52      4.25      0.725     0.06                 
G24K  (3)     66.70  / -147.48    50      8.5           0.7        0.07                 
G25K  (1)     66.77  / -146.10    74      11.75    0.775     0.07                 
G26K  (3)     66.95  / -143.78    69      3.25        0.5        0.03                 
G27K  (2)     66.81  / -141.65    68      5.5        0.925     0.14                 
G30M (4)    66.98  / -136.22    42      2.25      1.025     0.03                 
GCSA (6)    64.75  / -156.88    23      1.25       1.17      0.05                 
GHO  (3)      61.77  / -148.93    -70     3             1.35      0.11                 
GLB  (1)        61.44  / -143.81    79      9.75       0.99      0.32                 
GLI  (1)          60.88  / -147.10    16      3.75       1.11      0.25                 
GOAT (1)     60.58  / -144.73    2         8.5          0.9       0.22                 
GRIN  (1)      60.28  / -143.32    -4       6.5         1.17      0.17                 
GRNC  (1)    60.73  / -141.76    24      1             2.1       0.16                 
H17K  (1)      64.94  / -159.91    36      7.75        0.6       0.09                 
H21K  (4)      65.66  / -152.80    36      2            1.05      0.01                 
H22K  (2)      65.89  / -151.38    28      5.25       1.05      0.06                
H23K  (3)      65.83  / -149.54    76      2            0.85      0.01                 
H24K  (7)    65.84  / -147.88    65      1.25       1.15      0.01                
H27K  (3)    66.23  / -141.53    -82     2.5        0.925     0.08                 
HDA (4)     64.41  / -146.95    77      3.25       1.65      0.08                 
HIN  (2)       60.40  / -146.50    -36     6.25       0.63      0.02                 
HMT (1)     60.34  / -144.26    50      6.25       1.44      0.23                 
HOM  (3)    59.66  / -151.65    16      3.25       1.53      0.15                 
I21K  (7)     65.18  / -151.98    44      3            0.925     0.03                 
I23K  (7)     65.15  / -149.36    45      3.25      1.125     0.03                 
I26K  (1)     65.31  / -143.15    -77     10.75     1.55        0.4                   
I27K  (1)     65.60  / -141.62    -55     16.75     0.65      0.29                 
I29M  (3)    65.36  / -138.31    61      9.75      0.475     0.07                 
I30M  (1)    65.22  / -136.38    70      4             0.85      0.03                 
IL31  (3)     64.77  / -146.89    -45     2             1.35      0.03                 
ILS  (1)       59.96  / -153.07    -89     8.25       1.05      0.14                 
INK  (2)      68.31  / -133.53    -67     1.75      1.075     0.07                 
ISLZ  (2)     54.72  / -163.71    -88     6             0.84      0.14                 
J19K  (1)    63.99  / -155.62    48      8.5         0.85        0.1                   
J20K  (4)    64.18  / -154.15    28      1.75      1.225     0.07                 
J25K  (5)    64.61  / -145.37    21      2.5         0.55      0.05                 
J26L  (2)       64.50  / -143.56    -81     2.5        1.225     0.14                 
J29M (2)     64.45  / -138.22    67      3.75        0.8        0.11                 
JIS (2)          58.28  / -134.38    -49     4.75       1.11      0.14                 
K13K  (1)     61.93  / -164.66    44      6              0.9        0.08                 
K15K  (1)     62.29  / -161.53    53      7.25       0.75      0.05                 
K17K  (1)     62.72  / -158.30    47      7             0.75      0.08                 
K20K  (3)     63.36  / -154.07    25      1             1.35      0.05                 
K27K  (2)     64.03  / -142.08    -55     1.5        1.625     0.17                 
K29M  (2)    63.84  / -137.52    -82     2.5          1.2        0.04                 
KHIT  (1)    60.44  / -143.25    -5       10.5        0.9        0.17                 
KIAG (1)    60.92  / -142.36    -47     15.5       0.96      0.32                 
KLU  (3)      61.49  / -145.92    6         3             1.47      0.23                 
KNK  (1)     61.41  / -148.46    -49     3.5         1.02      0.11                 
KTH  (5)      63.55  / -150.92    63      2             1.05      0.04                 
L15K  (1)     61.68  / -161.49    31      6.75        1.1        0.17                 
L17K  (1)     62.13  / -158.30    40      6              0.7        0.09                 
L19K  (2)     62.18  / -154.85    19      2              1.3        0.06                 
L20K  (4)     62.48  / -153.88    7         1            1.575     0.08                 
L26K  (1)      63.03  / -143.35    82      16.25      1.2        0.45                 
L27K  (1)      63.06  / -141.83    -57     4.75        1.2        0.27                 
L29M  (1)      63.11  / -138.13    -75     10.25      0.7        0.11                 
LOGN  (4)    60.82  / -141.00    5         2.5          0.96      0.07                 
M19K  (4)     61.90  / -154.39    -44     4.5        0.725     0.04                 
M20K  (1)     61.88  / -153.13    -6       6.25        0.9        0.16                 
M22K  (4)     61.75  / -150.12    -56     2.25      1.425     0.03                 
M23K  (1)     61.79  / -147.73    -61     7.5        1.125      0.3                   
M24K  (1)      62.11  / -146.18    2         4                2         0.41                 
M26K  (1)      62.40  / -143.00    9         14.5      1.025     0.29                 
M29M (3)     62.44  / -138.46    -65     2.5        1.175      0.1                   
M30M (2)     62.58  / -136.79    -46     3              1.6        0.08                 
M31M (3)     62.20  / -134.39    -55     1.5        0.925     0.03                 
MAYO (7)    63.60  / -135.89    -69     2.25        1.8        0.11                 
MCK (2)       63.73  / -148.94    48      1.5         2.07      0.02                 
MDM (3)      64.96  / -148.23    -88     3             1.71      0.14                 
MENT  (2)    62.94  / -143.72    -43     2.25       1.41      0.14                 
MLY (6)        65.03  / -150.74    53      4.25       0.66      0.02                 
MPEN  (1)    60.74  / -150.48    -60     9.75       0.81      0.15                 
N14K  (1)      59.92  / -161.69    50      9             0.85      0.09                 
N15K  (1)      60.17  / -160.09    34      6.25      1.325      0.2                   
N16K  (3)      60.47  / -158.77    29      2            1.325      0.1                   
N17K  (1)      60.53  / -157.19    43      16.25    0.675     0.21                 
N19K  (2)     60.81  / -154.48    -60     4.25       1.15      0.31                 
N25K  (1)     61.61  / -144.60    10      4.25      1.625     0.34                 
N30M  (4)    61.46  / -137.09    -29     2.5         0.85      0.03                 
N32M  (1)    61.15  / -133.08    -56     9.75      0.775     0.19                 
NCT  (2)      60.56  / -152.93    33      2.5         2.01      0.07                 
NEA2  (6)    64.59  / -149.07    64      3.25       1.74      0.07                 
NICH  (1)    60.24  / -143.97    -6       4             0.99      0.08                 
O14K  (1)     59.25  / -161.26    58      7.75      1.225     0.12                 
O16K  (4)     59.59  / -158.09    30      4.5        0.775     0.08                 
O17K  (3)     59.77  / -157.09    56      3.75       0.85      0.02                 
O19K  (1)     60.20  / -154.32    20      2.5         1.65      0.23                 
O20K  (3)     60.08  / -152.62    -67     2.75      0.625     0.08                 
O22K  (3)     60.48  / -149.72    -26     4.25       0.65      0.03                 
O28M  (1)    60.77  / -140.19    32      7.25        1.3        0.37                 
O29M  (1)    60.30  / -138.58    -30     9.25       1.35      0.18                 
O30N  (5)     60.77  / -136.09    -35     2.25        0.8        0.02                 
OHAK  (1)    57.22  / -153.29    88      10           0.93      0.11                 
P17K  (1)       59.20  / -156.44    27      4            1.825     0.19                 
P18K  (4)       59.39  / -155.23    29      3            1.325     0.16                 
P29M  (1)      59.63  / -137.74    -37     13.5        0.6        0.09                 
P30M  (1)      60.12  / -136.96    -71     2.75        1.3        0.08                 
PIC1  (1)        65.12  / -147.43    -69     3             1.83      0.17                 
PIC2  (2)        65.12  / -147.43    -75     1.75       1.45      0.14                 
PIC3  (2)        65.12  / -147.43    -77     1.75       1.86      0.14                 
PIC4  (1)        65.12  / -147.43    -80     1.25       1.83      0.11                 
PIN  (2)         60.10  / -140.25    3         4.25        0.9         0.1                   
PMR (3)       61.59  / -149.13    -53     2             1.47        0.1                   
PNL  (4)        59.67  / -139.40    -40     2.75        1.5        0.06                 
POKR  (4)    65.12  / -147.43    -79     0.5        1.875     0.03                 
PPLA  (6)     62.90  / -152.19    88      3             1.74      0.11                 
PTPK  (2)     61.19  / -142.47    19      1.25       1.41      0.07                 
PWL (2)      60.86  / -148.33    -58     2             1.17      0.08                 
Q19K  (3)     58.93  / -153.64    -79     1.25      1.175     0.08                 
Q20K  (2)     58.61  / -152.39    90      3.25      0.975      0.1                   
R17K  (1)     57.64  / -156.39    43      3.25      1.275     0.08                 
R31K  (1)     58.41  / -135.74    -35     9.25      0.925      0.1  
R32K  (1)     58.27  / -134.52    -52     2.75      1.475     0.11                 
RC01  (5)      61.09  / -149.74    -73     1.5         1.32      0.04                 
RDJH (3)    60.59  / -152.81    54      5.25       0.99      0.11                 
RDOG  (2)     68.05  / -162.91    40      4.5         0.57      0.09                 
RDWB (1)    60.49  / -152.84    -81     3.25       1.77      0.23                 
RED (2)         60.42  / -152.77    41      2.75       1.59      0.07                 
RIDG  (4)      63.74  / -144.85    -58     2.5         1.05      0.14                 
RND (4)        63.41  / -148.86    26      2.75       1.56      0.09                 
S12K  (1)        55.70  / -162.06    69      2.25       1.15      0.02                 
S14K  (1)        56.28  / -159.55    64      1.25      1.075     0.06                 
SAMH (2)     60.13  / -140.78    -57     3              1.2        0.09                 
SAW (2)       61.81  / -148.33    -53     4.25        0.9       0.09                 
SCM (2)       61.83  / -147.33    -62     1.5         1.17      0.07                 
SCRK (3)    63.98  / -143.99    -63     1.5         1.41      0.08                 
SII (1)           56.56  / -154.18    69      13.25      0.9       0.14                 
SIT (2)         57.06  / -135.32    -42     3             1.05      0.04                 
SKAG (2)    59.46  / -135.33    -25     4.5         1.71      0.09                 
SKN (3)       61.98  / -151.53    21      2             1.26      0.17                 
SLK  (6)        60.51  / -150.22    14      0.75       1.17      0.03                 
SPCG (1)    61.29  / -152.02    -57     2.75       0.99      0.06                 
SPCN  (1)    61.22  / -152.19    -30     13           0.57      0.07                 
SSN (2)        61.46  / -150.75    5         1.25       1.56        0.1                   
SSP (1)         60.18  / -142.84    -63     3.25       1.68      0.13                 
SUCK  (2)    60.07  / -143.78    -25     7.25       1.17      0.09                 
SWD (4)      60.10  / -149.45    -52     4.5          0.45      0.05                 
TCOL  (2)    64.87  / -147.86    85      4.25      1.075     0.16                 
TGL  (1)       60.75  / -142.83    -86     17.25      0.6        0.22                 
TOLK  (7)    68.64  / -149.57    70      5.25       0.55      0.02                 
TRF (5)       63.45  / -150.29    18      1.75       1.92      0.14                 
WAT4 (2)    62.83  / -147.94    -62     1.25        1.8       0.13                 
WAT6 (4)    62.58  / -147.74    -3       4.75       0.54      0.06                 
WAT7 (2)    62.83  / -148.85    -43     5.5         0.69      0.05                 
WAX (1)      60.45  / -142.85    -53     6            0.87      0.08                 
WECS (1)    54.53  / -164.78    85      6.75       1.44        0.1                   
WRH (5)      64.47  / -148.09    31      2.75       1.47      0.09                 
YAH (1)       60.36  / -141.75    45      3.25       1.59      0.24                 
YUK2  (2)     61.77  / -140.84    -60     3.25      0.925     0.18                 
YUK3  (1)     61.78  / -140.46    -48     2.25       1.17      0.08                 
YUK7  (2)     60.53  / -138.14    -27     9              0.9        0.11                 
