0 0.376508 0.017866
0.025 0.377767 0.0186837
0.05 0.375981 0.0198046
0.075 0.37118 0.0211907
0.1 0.363469 0.0236229
0.125 0.353023 0.0248292
0.15 0.340081 0.0265459
0.175 0.324939 0.0274363
0.2 0.307937 0.0280376
0.225 0.289447 0.0285698
0.25 0.269864 0.0286446
0.275 0.249587 0.02817
0.3 0.229008 0.0283598
0.325 0.208502 0.0302073
0.35 0.188413 0.0314735
0.375 0.169048 0.0310453
0.4 0.150666 0.0304528
0.425 0.133479 0.0300213
0.45 0.117644 0.0297708
0.475 0.103269 0.0299086
0.5 0.0904106 0.0301786
0.525 0.0790794 0.0292528
0.55 0.0692456 0.0278763
0.575 0.0608448 0.0267925
0.6 0.0537849 0.0253863
0.625 0.0479529 0.0234373
0.65 0.0432219 0.0217317
0.675 0.039457 0.0209454
0.7 0.0365216 0.0199893
0.725 0.0342815 0.019203
0.75 0.0326092 0.018213
0.775 0.0313864 0.0174115
0.8 0.0305063 0.016429
0.825 0.0298745 0.0156098
0.85 0.0294094 0.0151179
0.875 0.0290422 0.0147621
0.9 0.0287163 0.0144277
0.925 0.028386 0.0139565
0.95 0.0280159 0.0134157
0.975 0.0275796 0.0130529
1 0.0270588 0.0123878
1.025 0.0264417 0.0117549
1.05 0.0257228 0.010977
1.075 0.0249019 0.0105288
1.1 0.0239831 0.0101739
1.125 0.0229745 0.00993531
1.15 0.021888 0.00980903
1.175 0.0207382 0.00974149
1.2 0.0195424 0.00970003
1.225 0.01832 0.0100003
1.25 0.017092 0.0104209
1.275 0.0158801 0.0106733
1.3 0.0147069 0.0109131
1.325 0.0135943 0.0110014
1.35 0.0125635 0.0110607
1.375 0.0116341 0.0111021
1.4 0.0108236 0.0114404
1.425 0.0101464 0.0118251
1.45 0.00961395 0.0120166
1.475 0.00923392 0.0121315
1.5 0.00900999 0.0122799
1.525 0.00894183 0.0124648
1.55 0.00902493 0.0126552
1.575 0.00925083 0.0127394
1.6 0.00960736 0.0129567
1.625 0.0100789 0.0131367
1.65 0.0106471 0.0133248
1.675 0.011291 0.0134453
1.7 0.011988 0.0136693
1.725 0.0127145 0.0138046
1.75 0.0134461 0.013823
1.775 0.0141589 0.0138419
1.8 0.0148296 0.0139161
1.825 0.0154364 0.0140573
1.85 0.0159594 0.0143185
1.875 0.0163811 0.014766
1.9 0.0166868 0.015167
1.925 0.0168649 0.0153317
1.95 0.0169071 0.0154462
1.975 0.0168087 0.0154512
2 0.0165683 0.015476
2.025 0.0161881 0.0156817
2.05 0.0156735 0.0158739
2.075 0.0150332 0.0161287
2.1 0.0142783 0.0163797
2.125 0.0134229 0.0169399
2.15 0.0124826 0.0172276
2.175 0.011475 0.0171937
2.2 0.0104188 0.0168438
2.225 0.00933323 0.0164952
2.25 0.00823798 0.016045
2.275 0.00715244 0.0155315
2.3 0.00609548 0.0147865
2.325 0.00508492 0.0137303
2.35 0.00413731 0.0125399
2.375 0.00326757 0.0114652
2.4 0.00248873 0.0107329
2.425 0.00181172 0.0101561
2.45 0.00124518 0.0096963
2.475 0.000795339 0.00921171
2.5 0.000465889 0.00860814
2.525 0.000257883 0.00834005
2.55 0.000169775 0.00809547
2.575 0.000197347 0.00797925
2.6 0.000333829 0.00796654
2.625 0.000569959 0.00811471
2.65 0.000894208 0.00840147
2.675 0.00129293 0.00883238
2.7 0.00175074 0.00930059
2.725 0.00225082 0.00979963
2.75 0.00277537 0.0104543
2.775 0.00330607 0.0114862
2.8 0.00382468 0.0129925
2.825 0.00431346 0.0142006
2.85 0.00475586 0.0155479
2.875 0.00513698 0.0169078
2.9 0.00544413 0.0183418
2.925 0.00566718 0.0199176
2.95 0.00579902 0.0211947
2.975 0.00583568 0.0221127
3 0.00577653 0.0227707
3.025 0.00562417 0.0233466
3.05 0.00538434 0.0238185
3.075 0.00506565 0.0240106
3.1 0.00467907 0.0239569
3.125 0.00423759 0.0235835
3.15 0.00375551 0.0229187
3.175 0.00324796 0.0224547
3.2 0.00273018 0.0217859
3.225 0.00221697 0.020951
3.25 0.00172216 0.01963
3.275 0.0012581 0.0185064
3.3 0.000835274 0.0176102
3.325 0.000461979 0.0167288
3.35 0.00014427 0.0158479
3.375 -0.000114261 0.0145932
3.4 -0.000312336 0.0137742
3.425 -0.000450874 0.0130082
3.45 -0.000532834 0.0125251
3.475 -0.000562835 0.0123669
3.5 -0.000546956 0.0121869
3.525 -0.000492272 0.0120229
3.55 -0.000406601 0.0119177
3.575 -0.000298103 0.012032
3.6 -0.000174984 0.0122384
3.625 -4.52155e-05 0.0124798
3.65 8.37459e-05 0.0126641
3.675 0.000205121 0.0130322
3.7 0.000313 0.0134276
3.725 0.000402454 0.0139819
3.75 0.000469613 0.0144864
3.775 0.000511724 0.0147817
3.8 0.000527147 0.0151983
3.825 0.000515373 0.0156589
3.85 0.000476968 0.0163975
3.875 0.000413533 0.0170882
3.9 0.000327608 0.0177946
3.925 0.000222636 0.018242
3.95 0.000102831 0.0185012
3.975 -2.69617e-05 0.0186617
4 -0.00016136 0.018763
4.025 -0.000294587 0.0188098
4.05 -0.000420668 0.0186909
4.075 -0.00053359 0.018412
4.1 -0.000627458 0.0181603
4.125 -0.000696737 0.0178264
4.15 -0.000736434 0.0172249
4.175 -0.000742265 0.0165736
4.2 -0.000710894 0.0160321
4.225 -0.000640058 0.0154029
4.25 -0.000528757 0.014979
4.275 -0.000377335 0.0145288
4.3 -0.000187591 0.0142098
4.325 3.72222e-05 0.0135373
4.35 0.000292418 0.0130344
4.375 0.000571941 0.0127397
4.4 0.000868544 0.0125656
4.425 0.00117399 0.0123744
4.45 0.00147931 0.0121676
4.475 0.00177511 0.0120822
4.5 0.00205199 0.0120071
4.525 0.00230085 0.0119378
4.55 0.00251334 0.0119092
4.575 0.00268227 0.0119117
4.6 0.00280191 0.0118956
4.625 0.00286841 0.011786
4.65 0.00287997 0.0115846
4.675 0.00283712 0.0113266
4.7 0.00274273 0.0109516
4.725 0.0026021 0.0106824
4.75 0.00242279 0.0104146
4.775 0.00221445 0.0101784
4.8 0.00198856 0.0099693
4.825 0.00175801 0.00978521
4.85 0.00153673 0.00980132
4.875 0.00133913 0.00997887
4.9 0.00117973 0.0102723
4.925 0.00107257 0.010556
4.95 0.00103079 0.0107753
4.975 0.00106629 0.0110569
5 0.0011892 0.0113267
5.025 0.00140785 0.0115739
5.05 0.00172844 0.0118393
5.075 0.00215501 0.0120206
5.1 0.00268948 0.0121476
5.125 0.0033317 0.0123745
5.15 0.00407968 0.0127082
5.175 0.0049298 0.0128266
5.2 0.00587711 0.0128802
5.225 0.00691559 0.0128011
5.25 0.00803853 0.0126533
5.275 0.00923879 0.0124495
5.3 0.0105091 0.0121622
5.325 0.0118422 0.0118612
5.35 0.0132312 0.0115631
5.375 0.0146695 0.0112622
5.4 0.0161508 0.0111256
5.425 0.0176693 0.0110723
5.45 0.0192196 0.0111179
5.475 0.0207963 0.011266
5.5 0.0223939 0.0114626
5.525 0.0240069 0.0117269
5.55 0.0256293 0.0120583
5.575 0.0272542 0.012364
5.6 0.0288741 0.0128291
5.625 0.0304803 0.0133753
5.65 0.0320633 0.0138955
5.675 0.0336121 0.0147261
5.7 0.0351148 0.0154481
5.725 0.0365586 0.016051
5.75 0.03793 0.0164363
5.775 0.0392151 0.0169624
5.8 0.0404001 0.0174815
5.825 0.0414716 0.0178526
5.85 0.0424171 0.0182112
5.875 0.0432258 0.0185796
5.9 0.0438886 0.0188931
5.925 0.0443989 0.0193608
5.95 0.0447528 0.0197911
5.975 0.0449496 0.0201734
6 0.0449916 0.0206927
6.025 0.0448845 0.0213199
6.05 0.0446368 0.0217986
6.075 0.0442601 0.0223279
6.1 0.0437684 0.0227747
6.125 0.0431778 0.0229762
6.15 0.0425053 0.0230674
6.175 0.0417692 0.0230827
6.2 0.0409872 0.0229954
6.225 0.0401768 0.0228258
6.25 0.0393538 0.0225245
6.275 0.0385321 0.0221506
6.3 0.0377229 0.0215921
6.325 0.0369346 0.021026
6.35 0.0361722 0.020644
6.375 0.0354374 0.0199952
6.4 0.0347278 0.0193847
6.425 0.0340381 0.0188782
6.45 0.0333594 0.0185396
6.475 0.0326796 0.0182183
6.5 0.0319842 0.0180003
6.525 0.0312564 0.0178873
6.55 0.0304777 0.0177598
6.575 0.0296288 0.0176119
6.6 0.0286898 0.0175134
6.625 0.0276414 0.0174005
6.65 0.0264651 0.0174009
6.675 0.0251446 0.0174587
6.7 0.023666 0.0175843
6.725 0.0220188 0.0177444
6.75 0.0201967 0.0179034
6.775 0.0181979 0.0182058
6.8 0.016026 0.018745
6.825 0.0136901 0.0191879
6.85 0.0112054 0.0197126
6.875 0.00859274 0.0202222
6.9 0.00587894 0.0205771
6.925 0.00309611 0.0209448
6.95 0.000281091 0.0212977
6.975 -0.0025254 0.0215011
7 -0.00527984 0.0218382
7.025 -0.00793719 0.0222432
7.05 -0.0104523 0.0224633
7.075 -0.0127812 0.0225692
7.1 -0.0148831 0.0226471
7.125 -0.016721 0.0226606
7.15 -0.0182639 0.0225778
7.175 -0.0194872 0.0224562
7.2 -0.020374 0.0223223
7.225 -0.0209156 0.0220402
7.25 -0.0211115 0.0215287
7.275 -0.0209698 0.0210715
7.3 -0.0205064 0.0207054
7.325 -0.0197445 0.0200917
7.35 -0.0187134 0.0192661
7.375 -0.0174479 0.0185451
7.4 -0.0159862 0.0174765
7.425 -0.0143691 0.0163386
7.45 -0.0126385 0.0156378
7.475 -0.0108357 0.0148492
7.5 -0.00900066 0.0140657
7.525 -0.00717065 0.0128787
7.55 -0.00537944 0.0120852
7.575 -0.00365668 0.011623
7.6 -0.00202751 0.0117534
7.625 -0.000512281 0.0122223
7.65 0.000873344 0.0132154
7.675 0.00211829 0.0144413
7.7 0.00321572 0.0156874
7.725 0.00416261 0.0166774
7.75 0.00495933 0.0178731
7.775 0.00560905 0.0188917
7.8 0.00611733 0.019504
7.825 0.00649157 0.0200649
7.85 0.00674063 0.020281
7.875 0.00687446 0.0203353
7.9 0.00690378 0.020247
7.925 0.00683984 0.0200158
7.95 0.00669424 0.019739
7.975 0.0064788 0.0192848
8 0.00620544 0.0187984
8.025 0.00588603 0.0182966
8.05 0.00553242 0.0177988
8.075 0.0051562 0.0173773
8.1 0.00476873 0.0170717
8.125 0.00438093 0.016733
8.15 0.00400319 0.0164179
8.175 0.00364518 0.0161697
8.2 0.00331566 0.0159096
8.225 0.00302238 0.0156469
8.25 0.00277186 0.015468
8.275 0.00256925 0.0154069
8.3 0.00241822 0.0154472
8.325 0.00232084 0.0154016
8.35 0.00227758 0.0153938
8.375 0.00228724 0.0154294
8.4 0.00234709 0.0154803
8.425 0.00245288 0.0154444
8.45 0.00259907 0.0149922
8.475 0.00277893 0.0141918
8.5 0.00298486 0.013566
8.525 0.00320856 0.0129609
8.55 0.00344139 0.0125886
8.575 0.00367455 0.0124349
8.6 0.00389939 0.0123855
8.625 0.00410773 0.0124743
8.65 0.00429199 0.0125955
8.675 0.00444547 0.0127921
8.7 0.00456253 0.013043
8.725 0.00463867 0.0132695
8.75 0.00467068 0.0135184
8.775 0.0046567 0.0137658
8.8 0.00459619 0.0139426
8.825 0.00448997 0.0141697
8.85 0.00434015 0.0144178
8.875 0.00415003 0.0145774
8.9 0.00392403 0.0146936
8.925 0.00366754 0.0146873
8.95 0.00338678 0.0146046
8.975 0.00308863 0.0143986
9 0.00278044 0.0140409
9.025 0.00246988 0.0137047
9.05 0.0021647 0.0134382
9.075 0.00187254 0.0130798
9.1 0.00160072 0.0127181
9.125 0.00135605 0.0124167
9.15 0.0011446 0.0120525
9.175 0.000971547 0.0117913
9.2 0.000840957 0.0116474
9.225 0.000755679 0.0115162
9.25 0.000717185 0.0114324
9.275 0.000725491 0.0113987
9.3 0.00077914 0.0113837
9.325 0.000875173 0.0113701
9.35 0.0010092 0.011393
9.375 0.0011755 0.0115571
9.4 0.00136717 0.0118009
9.425 0.00157639 0.0120521
9.45 0.00179461 0.0123801
9.475 0.00201287 0.0126581
9.5 0.00222217 0.0128887
9.525 0.0024137 0.0131836
9.55 0.00257927 0.013513
9.575 0.0027116 0.0137642
9.6 0.00280457 0.0140747
9.625 0.00285354 0.0143864
9.65 0.00285549 0.0146748
9.675 0.00280916 0.0148823
9.7 0.00271513 0.0150736
9.725 0.0025758 0.0151624
9.75 0.00239521 0.0151941
9.775 0.00217903 0.0151525
9.8 0.00193422 0.0150074
9.825 0.0016688 0.01483
9.85 0.00139146 0.01448
9.875 0.00111136 0.0140683
9.9 0.000837628 0.0135985
9.925 0.000579101 0.0129461
9.95 0.000343929 0.0121105
9.975 0.00013934 0.0114098
10 -2.86673e-05 0.010543
10.025 -0.000155506 0.00970462
10.05 -0.000238123 0.00905982
10.075 -0.000275132 0.00826598
10.1 -0.000266796 0.00748644
10.125 -0.000214995 0.00691003
10.15 -0.000123138 0.00637687
10.175 4.01292e-06 0.00613604
10.2 0.000160505 0.00616175
10.225 0.000339469 0.0064003
10.25 0.000533352 0.00682678
10.275 0.000734205 0.00722421
10.3 0.000933979 0.00780515
10.325 0.0011248 0.00847428
10.35 0.00129929 0.00922863
10.375 0.00145076 0.00985105
10.4 0.00157349 0.0106595
10.425 0.00166292 0.0114711
10.45 0.00171578 0.0120975
10.475 0.00173025 0.0128308
10.5 0.00170596 0.0134937
10.525 0.00164402 0.0139808
10.55 0.00154701 0.0145649
10.575 0.00141881 0.0151299
10.6 0.0012645 0.0155653
10.625 0.00109017 0.0159921
10.65 0.000902712 0.0164551
10.675 0.000709523 0.0167943
10.7 0.000518275 0.0171595
10.725 0.000336608 0.0174826
10.75 0.000171893 0.0176417
10.775 3.0935e-05 0.0177235
10.8 -8.02558e-05 0.0176628
10.825 -0.000156704 0.0175313
10.85 -0.000194594 0.0173005
10.875 -0.000191471 0.0170263
10.9 -0.000146263 0.0168845
10.925 -5.93832e-05 0.0166016
10.95 6.73302e-05 0.0163197
10.975 0.000230661 0.0160434
11 0.00042612 0.0158099
11.025 0.0006481 0.0155292
11.05 0.000890075 0.0151957
11.075 0.00114484 0.0149533
11.1 0.0014047 0.0146864
11.125 0.00166183 0.0144615
11.15 0.00190848 0.0142937
11.175 0.00213725 0.0140996
11.2 0.00234141 0.0139367
11.225 0.00251505 0.0137934
11.25 0.00265336 0.0136116
11.275 0.00275277 0.0135539
11.3 0.00281111 0.0136136
11.325 0.00282761 0.0137306
11.35 0.00280304 0.0138763
11.375 0.0027396 0.0140032
11.4 0.00264086 0.0141809
11.425 0.00251165 0.014341
11.45 0.00235787 0.0146638
11.475 0.00218633 0.015229
11.5 0.00200446 0.015977
11.525 0.00182009 0.01663
11.55 0.00164118 0.017516
11.575 0.00147556 0.0183
11.6 0.00133068 0.0189402
11.625 0.00121337 0.0194821
11.65 0.00112965 0.0200368
11.675 0.0010845 0.0204894
11.7 0.00108177 0.0207492
11.725 0.00112401 0.020921
11.75 0.00121245 0.0210057
11.775 0.0013469 0.0210151
11.8 0.00152579 0.0209559
11.825 0.00174621 0.0207887
11.85 0.00200393 0.0205755
11.875 0.00229357 0.0201936
11.9 0.00260867 0.0197595
11.925 0.00294191 0.0194037
11.95 0.00328528 0.0189144
11.975 0.00363026 0.0184121
12 0.00396813 0.0179425
12.025 0.00429018 0.0172918
12.05 0.00458797 0.0167215
12.075 0.00485358 0.0163259
12.1 0.00507993 0.0158801
12.125 0.00526096 0.0155754
12.15 0.00539186 0.0154192
12.175 0.00546927 0.0153268
12.2 0.00549145 0.015363
12.225 0.00545829 0.0154531
12.25 0.0053714 0.0154456
12.275 0.0052341 0.0154063
12.3 0.00505128 0.015335
12.325 0.0048293 0.0152288
12.35 0.00457572 0.0150466
12.375 0.00429911 0.0149737
12.4 0.00400872 0.015105
12.425 0.00371414 0.015346
12.45 0.003425 0.0156577
12.475 0.00315056 0.0159751
12.5 0.00289947 0.0164044
12.525 0.00267934 0.0169333
12.55 0.00249657 0.0173931
12.575 0.00235611 0.0177002
12.6 0.0022612 0.0176224
12.625 0.00221349 0.0174297
12.65 0.00221269 0.0171628
12.675 0.0022569 0.0168498
12.7 0.0023425 0.0165226
12.725 0.00246446 0.0159982
12.75 0.00261641 0.0154079
12.775 0.00279107 0.0149336
12.8 0.00298038 0.0143547
12.825 0.00317591 0.0138079
12.85 0.00336916 0.0134247
12.875 0.00355206 0.0131098
12.9 0.00371697 0.012914
12.925 0.00385718 0.0126931
12.95 0.0039673 0.0126278
12.975 0.00404304 0.0126787
13 0.00408188 0.01285
13.025 0.00408276 0.0130707
13.05 0.00404633 0.0134228
13.075 0.00397492 0.0138493
13.1 0.00387226 0.0142533
13.125 0.0037435 0.0148002
13.15 0.003595 0.0153632
13.175 0.00343401 0.0157933
13.2 0.00326839 0.0161888
13.225 0.00310637 0.0164243
13.25 0.00295623 0.0167147
13.275 0.00282592 0.0172276
13.3 0.00272287 0.0177022
13.325 0.00265366 0.0180451
13.35 0.00262379 0.01842
13.375 0.00263751 0.0187746
13.4 0.00269767 0.0190861
13.425 0.00280557 0.0195446
13.45 0.00296103 0.0200743
13.475 0.00316226 0.0205519
13.5 0.00340602 0.0211785
13.525 0.00368768 0.021722
13.55 0.00400137 0.0221442
13.575 0.0043402 0.0224616
13.6 0.00469642 0.0228702
13.625 0.00506172 0.0231774
13.65 0.00542746 0.0232979
13.675 0.00578495 0.0233722
13.7 0.00612572 0.0233234
13.725 0.00644182 0.0232624
13.75 0.00672603 0.0230704
13.775 0.00697211 0.0227388
13.8 0.00717502 0.0224015
13.825 0.00733104 0.0218843
13.85 0.00743794 0.0213466
13.875 0.007495 0.0208945
13.9 0.0075031 0.0203634
13.925 0.0074646 0.0197888
13.95 0.00738335 0.0193029
13.975 0.00726446 0.0186825
14 0.00711424 0.0180315
14.025 0.00693985 0.0174999
14.05 0.00674918 0.0168301
14.075 0.0065505 0.0161573
14.1 0.00635223 0.0156298
14.125 0.00616261 0.0149957
14.15 0.00598951 0.0144694
14.175 0.00584013 0.014119
14.2 0.00572079 0.0136679
14.225 0.00563674 0.0132235
14.25 0.00559203 0.0128755
14.275 0.0055894 0.0126122
14.3 0.00563019 0.0122451
14.325 0.00571443 0.0117919
14.35 0.00584074 0.0114176
14.375 0.00600653 0.0110456
14.4 0.00620804 0.0107308
14.425 0.00644051 0.0105282
14.45 0.00669833 0.0104059
14.475 0.00697533 0.010413
14.5 0.00726488 0.010472
14.525 0.00756014 0.0105986
14.55 0.00785434 0.0107654
14.575 0.00814093 0.0109239
14.6 0.00841377 0.011123
14.625 0.00866738 0.0113093
14.65 0.00889706 0.0114163
14.675 0.00909901 0.0115369
14.7 0.00927046 0.0116537
14.725 0.0094097 0.0117199
14.75 0.00951613 0.0117682
14.775 0.00959026 0.0118029
14.8 0.00963362 0.0118244
14.825 0.00964871 0.0118276
14.85 0.00963887 0.0117468
14.875 0.00960816 0.0116628
14.9 0.00956117 0.0115884
14.925 0.00950279 0.0114729
14.95 0.00943814 0.0113878
14.975 0.00937228 0.0113719
15 0.00931 0.0113797
15.025 0.00925573 0.0113091
15.05 0.00921329 0.0112428
15.075 0.0091858 0.0111104
15.1 0.0091756 0.010969
15.125 0.00918405 0.010905
15.15 0.00921164 0.0108315
15.175 0.00925789 0.0107576
15.2 0.00932144 0.0107047
15.225 0.00940009 0.0106331
15.25 0.00949091 0.0105979
15.275 0.00959042 0.010572
15.3 0.0096947 0.010531
15.325 0.00979962 0.0103885
15.35 0.00990102 0.0102931
15.375 0.00999491 0.0101867
15.4 0.0100777 0.0101012
15.425 0.0101462 0.0100567
15.45 0.0101982 0.010044
15.475 0.0102322 0.0100843
15.5 0.0102476 0.0100947
15.525 0.0102449 0.0101265
15.55 0.0102256 0.0102431
15.575 0.0101922 0.0103479
15.6 0.010148 0.0104421
15.625 0.0100974 0.0105619
15.65 0.010045 0.0107286
15.675 0.009996 0.010896
15.7 0.00995586 0.011111
15.725 0.0099299 0.0113574
15.75 0.00992316 0.0115176
15.775 0.00994016 0.011723
15.8 0.00998462 0.011912
15.825 0.0100594 0.0120293
15.85 0.0101663 0.0121069
15.875 0.0103058 0.012182
15.9 0.0104771 0.0121921
15.925 0.0106783 0.0121031
15.95 0.0109063 0.011877
15.975 0.0111567 0.011651
16 0.0114242 0.0112741
16.025 0.0117027 0.0108681
16.05 0.0119856 0.0104921
16.075 0.012266 0.0100438
16.1 0.0125366 0.00964311
16.125 0.0127907 0.00931625
16.15 0.0130217 0.00900512
16.175 0.0132238 0.00880796
16.2 0.0133918 0.00881275
16.225 0.0135219 0.00901861
16.25 0.0136112 0.00937581
16.275 0.013658 0.00978615
16.3 0.0136621 0.0101516
16.325 0.0136245 0.010666
16.35 0.0135474 0.0111992
16.375 0.0134344 0.0116105
16.4 0.0132899 0.0120969
16.425 0.0131196 0.012505
16.45 0.0129297 0.012833
16.475 0.0127271 0.0131663
